0.0 0.1 0.2 0.30000000000000004 0.4 0.5 0.6000000000000001 0.7000000000000001 0.8 0.9 1.0 1.1 1.2000000000000002 1.3 1.4000000000000001 1.5 1.6 1.7000000000000002 1.8 1.9000000000000001 
0.4367300967680111 0.43601945237468076 0.4330415344068309 0.4278998625521262 0.42075938517270917 0.4118345307266616 0.4013743422456781 0.3896462484771682 0.3769200527679759 0.3634535590086625 0.34948095040118626 0.33520464853519216 0.3207909612058029 0.30636942185705157 0.2920353657334761 0.27785500490694853 0.2638720787847411 0.2501150855990768 0.23660415143516986 0.22335675968516738 
0.9239558999610051 0.9208584162635391 0.9117750462731866 0.8972936680710435 0.8782476004580577 0.8555635772095125 0.8301408639018955 0.8027858088318189 0.7741953826778556 0.7449680830735146 0.7156217976135211 0.6866069631315643 0.6583116116411261 0.6310597830943319 0.6051068637466002 0.5806358077379228 0.5577574590393051 0.5365165416053677 0.516902809682289 0.49886516943595155 
0.708671203502054 0.7034410325472248 0.6881171476499871 0.6640443910560142 0.6331157390164741 0.5973877810957192 0.5587557176618054 0.5187664479817702 0.4785749974454254 0.4389958989822301 0.4005868716849904 0.3637199468287143 0.3286240661136344 0.295405376187576 0.26406051865510866 0.23449651803135552 0.20656347257525232 0.18009745870480603 0.15496410193166751 0.1310906441677015 
0.8800778156219351 0.8758769681461748 0.8619749860166493 0.8400180893940755 0.8122635077163193 0.7810391967974373 0.7483024885272181 0.7154156802860462 0.6831455269954575 0.6518086057092426 0.6214596480359257 0.592048448180307 0.5635197376494371 0.535866646457256 0.5091585425164405 0.48355491886833063 0.4593035989435121 0.4367150727893418 0.41610841469711674 0.3977350464646484 
0.6837300381095759 0.6764810461987061 0.6554493911170858 0.6228582236821348 0.5817960367421793 0.5355435488855546 0.4870097938697585 0.43842109743042357 0.39127453635823073 0.3464655864850805 0.30446917524089057 0.26548699832509914 0.22953257959670362 0.19646983181069896 0.1660345838363465 0.13785980342654178 0.1115112824787356 0.08653244686362443 0.06249550471456222 0.03905680412507126 
0.7364514431692322 0.7291531216899558 0.7077883053750819 0.6748838599909288 0.6339328174717015 0.5886142446644396 0.5421398810056351 0.4968984538517753 0.45441539581373214 0.415522667946371 0.38059132056108946 0.34971531803895745 0.32280682806921945 0.2996230495810998 0.2797681599907275 0.2627055473736067 0.24779442182920758 0.23434740144684058 0.22169727548283116 0.20925980227069899 
0.7672407805776145 0.7588601039609888 0.7347085940516488 0.6975117943410589 0.6510289418490912 0.5992052990432517 0.5454670247086529 0.49234842349923874 0.4414727857070975 0.39376930769246205 0.3497572865009233 0.3097651283247727 0.2740320064862264 0.2427116452567408 0.2158305638259343 0.1932485366471461 0.174646699977733 0.15954752398502023 0.147358900853764 0.13743097328688675 
0.7650562229394884 0.7568042137385226 0.7328199273979946 0.6958940730876153 0.6498775591699062 0.5987998189529098 0.5461336304113684 0.4944056444194908 0.44517808778964046 0.39928236586979243 0.3571292916091462 0.3189551136133169 0.2849439162111041 0.2552415810706647 0.22991246894095094 0.20888751804186395 0.19193136830598867 0.17863606209095786 0.16843827599449915 0.1606543723831307 
0.7001388286205247 0.6929679124741164 0.6697589455716143 0.6332263532723372 0.5871419031790795 0.5354649225500315 0.481614658102177 0.4280822028010616 0.3764094773653955 0.32742053511817043 0.2815342506062646 0.2390194445903409 0.2001319462638212 0.16514562740016364 0.1343243749542516 0.1078791015679307 0.085932988337783 0.06849931773924496 0.05546820971194266 0.04659934087589561 
0.9204490039621308 0.9128603068171124 0.8910828267586519 0.8577562686603667 0.8164871980700644 0.7709883074808451 0.7243653039241186 0.6787476970975197 0.6352887797568452 0.594417238924304 0.556166904571407 0.5204444203757118 0.4871749190614974 0.456339896336612 0.4279569401623717 0.4020472975427742 0.3786144956333408 0.3576361519064399 0.33906124104518937 0.32280521771550286 
0.7661853133588196 0.7596514497177332 0.7398324064767757 0.7092750955374504 0.6714302443733807 0.6298044457259786 0.5872695890400854 0.5457230049753583 0.5061162837588523 0.4687268466197156 0.4334938477613978 0.40027908982409893 0.3689985443099577 0.33964523244802486 0.3122576429839564 0.28688135780049523 0.26354707911894526 0.24226673880266703 0.22303923825028982 0.20585644814132478 
0.8689649819419586 0.8613911060708666 0.8395520542346465 0.806018275686466 0.7642861168895829 0.7179294400252746 0.6699096540055007 0.6222366255370722 0.5759961289815202 0.5316156758662142 0.4891899546921412 0.44872882208387005 0.4102772630200898 0.3739313791450229 0.3398056901742792 0.30799817383862027 0.2785739397077585 0.2515675950026315 0.226995882115123 0.20487257091892366 
0.6770203406198316 0.6696188003450073 0.6466806690427014 0.6109218122877029 0.5660785969317144 0.5160385681714785 0.4641193594655627 0.41269301763280963 0.3631795436998503 0.3162889487759185 0.2723357187957936 0.23148540721665375 0.1938764134573322 0.15963597692796333 0.12884482113791287 0.10149960705392841 0.07749744413552238 0.05664389355089811 0.038675101127013764 0.02328437001424996 
0.8323185605475752 0.824255790838731 0.8009530833065618 0.7652141901821172 0.7209115715795663 0.6721008158386917 0.6222669597566094 0.5739036413165888 0.5284618647042437 0.48656386837746374 0.4483165915828106 0.4135838440447371 0.3821496524009703 0.35377795297369774 0.32821301698123123 0.3051666060588846 0.2843181663313003 0.2653328807244847 0.24788990426134758 0.23171041879172832 
0.6485312794776439 0.6404697781058344 0.6170131741746495 0.5808983767428635 0.5359003940272115 0.4859741461357862 0.4345279552371698 0.38402388560212997 0.3359390902591437 0.29098394436015285 0.24941332526678828 0.21129208555134166 0.17664822169277772 0.1455187925280514 0.11793225548496637 0.09387299090491584 0.07325565236082368 0.055917363591086955 0.0416243841323114 0.030086813437334017 
0.8095515382569543 0.802200206268128 0.780522542984075 0.7469592357688172 0.7048398714801346 0.6575867058191859 0.6080654600611054 0.5582637238768513 0.5093127978526922 0.4617341666030035 0.415743677893205 0.3714843747319051 0.3291387516686799 0.2889405848120512 0.2511363196587456 0.21593934944274012 0.1834985571025519 0.15388422479999178 0.12708650929126872 0.10302125837559073 
0.8019852918012941 0.795009109842628 0.7746784219381871 0.7431963893078823 0.7035611597036352 0.65885227922047 0.611667213388476 0.5638636449853175 0.5166042701721304 0.4705809627795474 0.4262641338360608 0.38407114764011663 0.34442581872972455 0.3077397747732732 0.2743645884462254 0.24455061721019083 0.21842664337636444 0.1959993277837213 0.1771661861475511 0.16173609726270385 
0.8238687131780309 0.8175240733118186 0.7987826595695053 0.7697341693101288 0.7332053741363662 0.6920689311347998 0.6487020160747589 0.6047445529076334 0.561150767561453 0.5184121601439756 0.47680235380046676 0.43654312638732495 0.3978672094327627 0.3610090967937208 0.32617067202553446 0.29349436689355807 0.26305483152732506 0.2348658012869263 0.20889455810562202 0.18507773033632857 
0.8040461171744072 0.7972112819739886 0.7775172849830946 0.7472195629046356 0.7093916837168625 0.6671891838425051 0.6232505747851669 0.579400057678474 0.5366637907721201 0.4954894431041522 0.45601799860101616 0.4182938896558968 0.38237200870871135 0.34834039559935814 0.3163012600835035 0.28634554462240813 0.25853713210039614 0.23290801000138886 0.20945984388240893 0.18816749875826097 
0.8736808000982587 0.8666867223452985 0.8465686143253495 0.8156101268225028 0.776939334991469 0.7337953928420489 0.6889230841454239 0.644260430056712 0.6009377357247795 0.5594852808788867 0.5201017674758944 0.4828672192346446 0.4478540192933941 0.4151513899599979 0.3848453676947136 0.356990812417309 0.33159322918201845 0.30860287560526833 0.2879172316442336 0.26938768016990555 
0.6761592892929426 0.6692171021908335 0.6492143377503855 0.618473770885811 0.5801600489989065 0.5375200904346268 0.49326604615077246 0.44927179337298995 0.4065953643622246 0.3657114439392712 0.3267942926823802 0.28993042371557826 0.2552183216584166 0.2227783423268318 0.19272211090132013 0.16512146433360367 0.1399939569365582 0.11730404324389124 0.09697237993456545 0.07888671497105329 
0.8665406227963985 0.8594835524920785 0.8390670826685152 0.8076465356781151 0.7684337332425695 0.7247298929598835 0.6793024379257249 0.634078592707283 0.5901687538727267 0.548102862624031 0.5081182029058946 0.47037597670628445 0.435062879354221 0.4024008644332213 0.3726149614797634 0.34589947075162825 0.32239933221814954 0.30220535629215695 0.2853555201804889 0.27183594427256896 
0.8449940499762005 0.8372655513488426 0.814947965890062 0.7805905186090792 0.7376871768879639 0.6898576569615403 0.6401701556728898 0.5907917520932234 0.5429892089858056 0.49736629666385457 0.4541710486827354 0.41353984767840124 0.37562356860562024 0.340611980462218 0.3087051492449096 0.2800757072690489 0.25484408049587504 0.23306965631585572 0.2147520028366662 0.1998353949546724 
0.7039064881912636 0.696680254220499 0.6753152802711127 0.6423229046223017 0.6011177174418175 0.5551896651928363 0.5074349114384126 0.45983322183453 0.41348496313960587 0.36887829245190135 0.3262074707900782 0.2856061785424503 0.24724782823136746 0.21134081372282046 0.17807788937242364 0.14758866765126705 0.11991682520248961 0.09502133903101141 0.07279197507100721 0.05306974262715638 
0.9915313701407803 0.9837427203838071 0.9615213959880389 0.9274374302770161 0.884991549292251 0.8377729109185122 0.7887745503437018 0.7400571573149338 0.6927763850439034 0.6474452875577514 0.6042528053037496 0.563301409427256 0.5247146937510831 0.48864136664215924 0.45521308165055896 0.42450320365259026 0.3965065498860267 0.37113887356775044 0.3482470887086211 0.3276227557826612 
0.7687048272881518 0.7594099185519733 0.732703305693819 0.6914225912428004 0.639499162878478 0.5810854018993344 0.5198192631621673 0.4584222686063306 0.3986602140307531 0.3415544526534948 0.2876749259089278 0.23737810222518682 0.1909326069377347 0.14854880909273402 0.1103623435241588 0.07641518471631417 0.04665324314018318 0.020938709561321683 -0.0009324854722567453 -0.019215832197910215 
0.7662069033653612 0.7568590918063928 0.7300270526949595 0.6885338001734852 0.6363055463555912 0.5775173046963474 0.5158692036957422 0.4541845772968311 0.3943595321483588 0.33755608866281117 0.28447490848773854 0.23557373751047556 0.1911753433998108 0.15148200009279517 0.11654861689464356 0.08626131756685645 0.06034294373122366 0.03838389806729177 0.019886299803983758 0.004309714980814235 
0.8116842455828897 0.8028385919343 0.7770831683269808 0.7370291637390606 0.6862858414677521 0.6286542805268276 0.5674603818315677 0.5052095874515042 0.44358425745026525 0.3836682060579966 0.3262296518708984 0.27192814570391194 0.2213931297840884 0.17519835651203103 0.13379259876418015 0.09744062060703304 0.06620027474002621 0.0399354682379797 0.018352107890798774 0.001043527053452693 
0.8501127788379274 0.8417765853584241 0.8177342769044222 0.7805453206464097 0.7337201929021648 0.6808988610778501 0.6251713713916086 0.5687313596346126 0.5128900684000522 0.4583362687641636 0.4054668315936435 0.3546414666291879 0.30629632423476566 0.26093208895639575 0.219036231680735 0.18100028367832766 0.14706858161517444 0.11732690920299833 0.0917211841344804 0.07009036731543018 
0.8795769740899695 0.8711062544117201 0.8468844650008095 0.8095736530858021 0.7628878730071316 0.7107878198704605 0.6567785089901716 0.6034904825027764 0.552587771173391 0.5049244142500192 0.46081418844716837 0.4202906013192953 0.38328775532191756 0.3497294245331119 0.3195489705539393 0.29267312869624157 0.2689977980905282 0.24837370260344327 0.23060898020611154 0.2154864111370493 
0.8018956965467423 0.794148064718254 0.7717301682055318 0.7371158176422637 0.6937602591963583 0.6453553019682937 0.5951756102591086 0.5456761372117299 0.4983773778319647 0.4539730505453896 0.4125523629880657 0.37384209573887367 0.3374126339899344 0.30282744911478515 0.26973522419043666 0.23791193372964983 0.20726486968999733 0.17781430740688883 0.14966839922713238 0.12300124566040466 
0.8274861657374554 0.8199327661527902 0.7982292422434779 0.7650260623294074 0.7240053805477119 0.6790571959278683 0.633555018629625 0.5899168143433895 0.5495015823886968 0.5127699289641259 0.47957642998603756 0.4494687733309717 0.421917240687115 0.3964518506316408 0.37271962952035836 0.3504874838703507 0.3296158065585198 0.3100228306645156 0.29165305343500525 0.2744556091263631 
0.8159618575216054 0.8092712540488367 0.7895809791327152 0.7594725574982428 0.7224492258745028 0.6820591494965021 0.6411635105556107 0.6015582419727109 0.5639905573269843 0.5284593536900147 0.4946160460564675 0.46210193067574507 0.43073641243947836 0.4005555790536237 0.37175365631529883 0.3445907121541274 0.31931212890895344 0.29609930172407145 0.27505086184187744 0.2561840488886992 
0.8721372227069695 0.8647239415696251 0.843188648007761 0.8102335703764175 0.7695630139217624 0.7249932459255715 0.6796990836679282 0.635806102794401 0.5943727261194423 0.5556569901301965 0.5194910735682295 0.48560471348281276 0.45381392023310013 0.42407353083267374 0.3964429368326117 0.3710236809040161 0.3479089492316982 0.32715909988330777 0.3087987924774157 0.2928242332166207 
0.7967926530187827 0.7886716904458129 0.7634452240391265 0.7239854801012248 0.6743145675132994 0.6187291022868723 0.5610264891887666 0.5040315279624001 0.44948029109127896 0.39818746742523725 0.3503548830362817 0.3058824685804562 0.2645946174867596 0.22635774849604864 0.19111012214484976 0.1588424756900334 0.12956380976430465 0.10327279026095579 0.07994157839096316 0.05951023862357857 
0.8743889463157293 0.8655335746369396 0.840174682596718 0.8012192949483123 0.7527417265079692 0.6991010136283573 0.6441547492730291 0.5907691229766499 0.5406855751289448 0.4946744800052107 0.45283686332053197 0.41491688484441813 0.38053762952939 0.3493341718196248 0.3210021727868042 0.2952974111388731 0.27201773960614706 0.25098609789606857 0.23204088084300345 0.21503226150749 
0.9401195570436917 0.9309980953817895 0.9045162707635651 0.8635457951639299 0.8120743448219001 0.754323478954844 0.6939860019924511 0.6337855765665787 0.5754067898969178 0.5197021954261662 0.4670135927608697 0.4174598081106885 0.371112083378105 0.3280532800756187 0.28836272417410425 0.25207619257784236 0.2191542025648111 0.18947121481191698 0.16282564352163895 0.13896687549483563 
0.9547846134439792 0.9467532670274627 0.9240091328038598 0.8891315208870567 0.8456897265676745 0.7974350448299423 0.7476102186059739 0.6985581968800899 0.6516656288879425 0.6075489767929295 0.566336475258639 0.5279220044890034 0.4921324468659954 0.4588122380961946 0.42785854606317564 0.3992368574769337 0.37298766361995994 0.34921940917699873 0.3280794402344171 0.3097014934412576 
0.7657701636984601 0.7579431226397426 0.735031342586485 0.6993306703429739 0.6540694235839302 0.6027508792273735 0.5485844064327201 0.4941463762812734 0.4412964617737863 0.391276730574328 0.344880912528205 0.3026011125304509 0.2647113384766922 0.2312960637183827 0.20225548686879355 0.17731657046139243 0.15606380788697607 0.13798951979671345 0.12255561862997885 0.10925580693085915 
1.0039671021907435 0.9968909753527412 0.9759116774855685 0.9429939473825423 0.9009099255390792 0.852654226607026 0.8009427767701157 0.747924605759773 0.6951296773101717 0.6435840711209593 0.5939856118142443 0.5468512868475309 0.5025968834230707 0.46155540700616543 0.4239629741246884 0.3899390430161133 0.3594755399381299 0.3324393067149731 0.308588030694234 0.2875983115262004 
0.820124989766771 0.8123966388274637 0.7890989910408038 0.7522879698167323 0.7048853947265925 0.6500962278042559 0.5909034727362911 0.5297670940006327 0.46855036898937397 0.40860819448936586 0.35093554159303986 0.29629296690864465 0.2452742279888433 0.1983252369604169 0.15574319522710348 0.11768002837490858 0.08415901545123472 0.05510135299284315 0.030355212457278794 0.009721134301821734 
0.8937396666250687 0.8853877399201746 0.8615247097213057 0.8243205234657726 0.7768555558972554 0.7225181444316314 0.6644707820666672 0.6053142584903034 0.5469803876374902 0.4907965768173534 0.43762670655206715 0.38800661291426736 0.34223595805345486 0.3004297074394709 0.2625513057793927 0.22844569695702077 0.197876938869405 0.17056544475579066 0.14621817946249976 0.124548400186981 
0.8931525046644936 0.8857359282497499 0.8647595656187028 0.8322659573735173 0.7911364965386801 0.7445068186954591 0.6952565357805324 0.6456986121399774 0.5974930942608059 0.5517233098009697 0.5090377231761312 0.46977917595366736 0.4340694618425652 0.40185813747707555 0.3729605151993196 0.3471024022053146 0.3239731264492792 0.30327751604253017 0.2847760925534255 0.2683072326166078 
0.8745384576766649 0.8671298067780343 0.845880382880657 0.8127943017753149 0.7707014503692627 0.7226852904438862 0.67158331492826 0.6196825411850425 0.5686342101942546 0.5195271685454126 0.4730251786938094 0.42949146832096624 0.38906906751534576 0.3517257162164394 0.3172881375174452 0.28548361997628907 0.2559914033350539 0.22849560510052927 0.2027295416761128 0.17850498560030914 
0.8472650875687716 0.8400399691403024 0.8192985761142104 0.7869572447080373 0.7457219525781704 0.6985423175617683 0.648137009725413 0.5967071400224655 0.5458598076676195 0.4966825630025397 0.4498764980994775 0.4058732124560529 0.364905237385669 0.32703930091728756 0.29219788430476473 0.260188013143199 0.23074125480854318 0.203558479398947 0.1783509175841451 0.15487199449990038 
1.013597401123769 1.0066657133159116 0.9865204726839782 0.9551336876177666 0.9152810043736612 0.8699710460316953 0.8219513319243671 0.7734125853960061 0.7259128040317507 0.6804569773486249 0.6376355288305287 0.5977451710526316 0.5608630449924101 0.5268857312152876 0.4955600600467347 0.46652469984001843 0.4393650726626518 0.4136727506796272 0.3890982860153832 0.3653899255041356 
0.8425698151822818 0.8348866617735919 0.8128404004514742 0.7785071198107997 0.734841747492035 0.6851072126567209 0.6323686171996675 0.5791732441230473 0.5274437243973262 0.4785292684603262 0.4333244198604295 0.3923796812075852 0.35597113125695606 0.3241360923995879 0.29669940211363166 0.2733098743369219 0.2534921281984932 0.2367078075302351 0.2224166640278423 0.21012946762557752 
0.9842985953015224 0.9761945836619842 0.9532860959928356 0.917631983024159 0.8721475042952821 0.8200238074499225 0.7642191203374696 0.7071456409488585 0.6505780395407229 0.5957237618739217 0.5433594719362644 0.49395479109808366 0.44774976193074595 0.4047941474509409 0.36497481421510175 0.3280522616636267 0.2937121978118858 0.2616259249354554 0.23150885643374697 0.20316747039320446 
0.8134435123250955 0.8063178500536169 0.7859588918679637 0.7544237991792865 0.7146083485956124 0.6696479300778949 0.6223968954476058 0.5751151214151231 0.5293869054145451 0.4862073992308328 0.4461353822012578 0.40943022610193364 0.37613884118675667 0.3461415724896596 0.31918430589585095 0.29491817992481456 0.27295221311166235 0.25291141967673514 0.23448868788666613 0.21748058436919215 
1.0074658131006469 1.0006454053587992 0.9815559826559257 0.9521531336787552 0.915190568086739 0.8736483883240357 0.8302286441232566 0.7870413299218205 0.7455109327037155 0.7064500012346353 0.6702081809283921 0.6368175361627509 0.6060967541146807 0.5777174762636782 0.5512549492608503 0.5262413379360865 0.5022259756256755 0.47883545063006033 0.45582269768520794 0.4330962808389938 
0.8661970612440519 0.8592127773385958 0.8397236568294452 0.8097706701079657 0.7722206538523161 0.7301666149131374 0.6864057369048571 0.6431242623328103 0.6018155636498917 0.5633679805307207 0.5282219378097488 0.49651376534450903 0.4681705665284502 0.4429631722117566 0.42054259383895487 0.4004800804584152 0.3823156685950803 0.3656084020147202 0.34997815934475984 0.3351319041505253 
0.8960737614043054 0.8883698631015959 0.8667396642073166 0.8333099877375242 0.7910859130791058 0.7433418361466685 0.6930864220730717 0.6427319944139986 0.5939975277405374 0.5479852516105067 0.5053329354635603 0.4663596597450578 0.4311672127009542 0.3997000789560556 0.37178508919579967 0.34716793752443514 0.32555103755520803 0.3066278954945497 0.2901074429681694 0.27572499885263313 
0.8770924719860839 0.868643722461333 0.8442711961741021 0.8062617043283394 0.7578949087485035 0.702825078665372 0.6445167491485753 0.5858631559796271 0.5290255516863275 0.4754492748333379 0.42597410170546784 0.38096579946111364 0.34043198611080405 0.30411958012111745 0.2716053821749819 0.242386544333671 0.21596642852636855 0.19192487427397129 0.1699630966201214 0.14991906942794248 
0.8583965042707509 0.8490576798348373 0.8225892186170728 0.78134239116918 0.7286868444229795 0.6683856565260157 0.6040365989240264 0.5387081436205035 0.4747983489948552 0.4140588384273751 0.3576928564590066 0.306455548224419 0.26072852873308494 0.22057709698375563 0.18580998439005803 0.15605194132490607 0.13082387492272227 0.10961643891182996 0.09194412629678544 0.07737380863289477 
0.8793586003126914 0.8702162710785392 0.8442531820522453 0.803810879897432 0.7522429301232041 0.6932996222054637 0.6305663676887904 0.5670830278147414 0.5051809371156792 0.4464927135037829 0.3920527430571978 0.34241676449659414 0.29776570129205193 0.2579930197583871 0.22278877946972186 0.1917280257289109 0.16435881284487408 0.14027760851117088 0.11918058753771585 0.10088519294253975 
0.943060054717307 0.9347929037405652 0.910847516253104 0.8733853558287713 0.8255436037316194 0.7708420123953629 0.7126386853695051 0.6537599249515712 0.5963430642442399 0.541851664973986 0.49118402028249725 0.4448031252877776 0.4028500855942119 0.3652361531821166 0.33172365547487676 0.30200296225811213 0.27576266214742173 0.2527439717165457 0.23277125846451327 0.21575570579193598 
0.8941490848055569 0.8878044063383725 0.8669854678039863 0.8336368180630798 0.7905670018270488 0.7408730192680892 0.6874380699183917 0.6326250989037803 0.5781868728201032 0.5253282943619171 0.4748271123290539 0.427142912615635 0.38249113607981494 0.3408952889131154 0.3022400853418092 0.26633626446513076 0.232990679219793 0.20206618263241805 0.17351772359760662 0.14739906677489284 
0.8896270929417982 0.8809817551815694 0.8567661965236266 0.8191494739747369 0.7712485739822277 0.716538961916655 0.658319109540517 0.5993526608417881 0.5417235541407084 0.48685912583141944 0.4356393464369372 0.38852037450345195 0.34563683560737907 0.30688169350877165 0.2719776410432068 0.2405496141963551 0.21219613646729188 0.18654942032040084 0.16331446844879544 0.14228296138702665 
1.0195293309916411 1.0115570188996603 0.98819628021497 0.9516623121817701 0.905152437394391 0.8522575739850538 0.7964095646811852 0.7404880783846233 0.6866347543230233 0.6362468995913301 0.5900804037969622 0.5483900074489108 0.5110620701470381 0.47772704245503483 0.44785719031551574 0.4208560148229498 0.39613800970133933 0.37319143269033905 0.35161700314281513 0.33114009905788294 
0.9828978315393906 0.9748934805360248 0.9524192136691937 0.9175630418107573 0.8732905757118652 0.822856215281969 0.7692839149968491 0.7150405276098692 0.6619277342471419 0.6111350270611867 0.5633635183716194 0.5189484813059532 0.477951118954471 0.44022593171686886 0.40548238098359013 0.37335138264680345 0.3434528746953084 0.3154527205646952 0.28909871348285726 0.2642322269359586 
0.9275967352231473 0.918959868685502 0.8949310151227473 0.8576873899404558 0.8103286167432687 0.7562786544887079 0.6987587847232423 0.6404571682239855 0.5834212513220445 0.5291126190315281 0.47852873374131166 0.43231399833049255 0.3908280322887648 0.35417974045849093 0.32225261086269297 0.2947406596153321 0.2711992019671178 0.25110337339019895 0.23390463602588768 0.21907834946705537 
0.9336283344544709 0.9252265305980861 0.9016499362889551 0.8650679101713734 0.8185919854542065 0.7656897027138468 0.7096447167135731 0.6531905792647316 0.5983649190998906 0.5465487016394334 0.49860663783443326 0.45504134556634235 0.41610540216443437 0.38185796784311504 0.35218323456109996 0.3267971148789972 0.30526163716097526 0.28701464393879733 0.27141333547645274 0.2577856700516184 
0.9704848595285589 0.962194970650954 0.9392351589362602 0.9037102799234699 0.8586197384134973 0.8072719621793478 0.7527559356701665 0.6975976776018974 0.643642138857807 0.5921155757112947 0.543777228270486 0.4990718845874914 0.4582321661684189 0.4213241353817182 0.3882591168230102 0.3588008151128325 0.33258696151534745 0.3091708259908115 0.2880777557054563 0.26886692409735535 
1.0088171376469313 1.0017045054741462 0.9818086747318578 0.9510139464464731 0.9119580239697566 0.8674758949502908 0.8201345818927852 0.7719769177764463 0.7244859458479879 0.6786927156127899 0.6353202822800729 0.5948847475679593 0.5577294135246901 0.524014249395565 0.4936997999141841 0.4665548763643594 0.44219678643409477 0.42015642285944194 0.39995382558765524 0.38117028620325305 
0.8837095422853786 0.8757180613298594 0.8536737432579894 0.8195492705115208 0.7761399643273522 0.7265045121308574 0.6734739220307389 0.6193484572136585 0.5658098205972235 0.5139922416553118 0.4646189917207608 0.41812471390752093 0.374727547320214 0.33445822683049836 0.29717514080679164 0.26259172383967555 0.23032665573639446 0.1999719001994154 0.17116583750818826 0.14365805947858248 
0.9557605509363504 0.9481900199794092 0.9270498761281201 0.8943314122982415 0.8528867498605841 0.8058725729796056 0.7562350554464301 0.7063577511037572 0.6579213842193617 0.6119477989558668 0.5689512625866407 0.5291118121812294 0.4924116973730565 0.4587166178968979 0.42781521156065927 0.39944120563020385 0.37329635985438503 0.34908024097471346 0.326523920310754 0.3054211957108383 
0.9898925962122876 0.9832788224358854 0.9624282475359077 0.9293816617355214 0.8870457962516862 0.8386151298823865 0.7870525122374302 0.734754153169415 0.6834371114394844 0.634203696692904 0.5876938729638056 0.5442414432852185 0.5039861546752433 0.4669350754197391 0.4329916957638178 0.4019748175880181 0.37363979352087195 0.34770410371578186 0.32387424602052306 0.30187090017614393 
0.9997491374884301 0.9919301313865011 0.9702406310410382 0.9366114596684455 0.8937684098137118 0.8446748611684751 0.7920599740443652 0.7381496459091892 0.6846136075343261 0.6326556780206438 0.5831454204192117 0.5367166607119087 0.4938106383067743 0.45468338381408285 0.419409711056914 0.3879042337573465 0.359960265643905 0.3352953931083206 0.31359216989353617 0.29452879110263647 
0.9835488989424537 0.9748055988787435 0.9507016161757869 0.9133829135857212 0.8659288597646175 0.8117769523801871 0.7541967404309997 0.6959350310137935 0.6390717469476671 0.585046299446869 0.5347730395772625 0.48876845926403206 0.44724683590256903 0.410179438568655 0.3773350544533706 0.3483211437859005 0.3226337389742892 0.29971274549226923 0.2789947349273316 0.25995702052736286 
1.0235980538013278 1.0148710179945881 0.990776015289137 0.9534424752071521 0.905949021041797 0.851766541684724 0.7942288379935085 0.7361497241272941 0.6796400218114966 0.6261070758477342 0.5763711998555362 0.5308205809866071 0.48954605146895913 0.45243299473859533 0.41921793801361895 0.38952919625728244 0.3629261579422938 0.338941209645572 0.31712102643961104 0.29706229124452915 
0.9504113856727056 0.9417637318842031 0.9179405313509481 0.8810575689948921 0.8341421216911739 0.7805589028151981 0.7234909196846777 0.6655978867289631 0.60888860346196 0.5547623269318833 0.5041335275994542 0.45756107737107854 0.41533971144438303 0.3775516000040285 0.344098515950844 0.31473563011659617 0.2891155505809495 0.2668388594110895 0.2475024226539691 0.2307384884942722 
1.0710468190855111 1.0619907595464224 1.0367799566859237 0.9975227224836973 0.9472217780845639 0.8891993156015278 0.8266007667197175 0.7620962652289985 0.697796691673097 0.6353148095441703 0.5758720498529637 0.5203774819423628 0.46945745086397983 0.42345670600899243 0.38244510467698906 0.3462513606908206 0.31452378193263153 0.2868034217578436 0.2625931162492042 0.2414123083829561 
0.9949422415700384 0.9855295172102736 0.9589481291462186 0.9175114631508711 0.8645711023405922 0.8039273502452154 0.7392754013803409 0.6738122814087844 0.6100512230262578 0.549812450020339 0.4943151635711748 0.4442941325116998 0.400093909828564 0.3617313720778095 0.32894241050983036 0.30123314024342174 0.2779456690542573 0.2583352905796117 0.2416486726564277 0.2271925068436861 
1.0562403024220168 1.0464694125079015 1.0183149121921455 0.974193957289457 0.9176452043012131 0.8527399636142241 0.7835063276232318 0.7134882143942434 0.6454998171023538 0.5815674418455115 0.5230012679525284 0.4705222912112992 0.42438474171971974 0.384467891661471 0.3503425982514634 0.32133217531448455 0.2965833267778932 0.2751506470848 0.25608791757333305 0.23853528384279613 
1.0438192869536032 1.0336623414363346 1.0054394511368452 0.961530433281092 0.9053738738288009 0.8408527038428674 0.7717311418689949 0.7012696134579657 0.6320594182125107 0.5660347189675606 0.5045753440554122 0.44861802571205794 0.39873026898367564 0.35514347195073953 0.3177684445934657 0.2862200870169191 0.2598659783566644 0.23789876639637797 0.21942316352423377 0.2035460947511034 
1.0549892693696223 1.0451957840713457 1.0177680543455019 0.9750034851231942 0.920187318441252 0.8569898924724074 0.7889328304331401 0.7190589062942488 0.6498281193349814 0.5831707758338288 0.5205929015980374 0.4632524094582605 0.4119777756983673 0.36724837083987644 0.32917499347308987 0.29751073131057476 0.27170115610400175 0.2509652021747423 0.23439120124350288 0.22103425522243816 
1.0571231233939213 1.0469416141449823 1.0174552708179683 0.9711650325397908 0.9117324597162886 0.8433569318825911 0.7701842189608549 0.695874122180152 0.623381925548795 0.5549289187059029 0.492087915620415 0.435902093469143 0.3869812765127292 0.34555840955895767 0.3115194018489945 0.2844306671794965 0.2635826867514149 0.24805505917166087 0.2367982804474358 0.22872320429430784 
1.098036505683566 1.0866541023990595 1.054244167800883 1.0034506243700458 0.9381770299260415 0.8629530486692412 0.7823152007079356 0.7003173208965576 0.6202404537035637 0.5445047874663189 0.47473355856814825 0.41189414923149836 0.35644842259118836 0.3084734007235344 0.2677460354729146 0.23380548088888667 0.20600855968888 0.18358631002623002 0.1657015588168439 0.15150421959800123 
1.0901984068555721 1.0786100974506814 1.046370966786143 0.9961565293178362 0.9318245302976972 0.8577953933382844 0.7784339807119414 0.6976010363961186 0.6184275798421518 0.5432821881333915 0.473853249295282 0.41126535763353034 0.3561783605341795 0.308855537366947 0.2692134022362448 0.236871686658417 0.21121360748218412 0.19145513928304714 0.176716118598353 0.1660865953114202 
1.164310851305782 1.153929712414744 1.1231070766383766 1.0743895549440654 1.0115019003977535 0.9386787149282247 0.8600741590786511 0.7793697082884269 0.6996123549660453 0.6232229347545717 0.5520749895020722 0.4875630118039404 0.43062869935028847 0.38175962275033654 0.3409939498458777 0.3079567761089558 0.28193276657615857 0.2619626074366395 0.24694523828088596 0.2357321927533116 
1.0924056864633427 1.0808500152593241 1.04939316012222 1.0007781030661156 0.9390471371391202 0.8688251121511474 0.7946676140639026 0.7205668900684394 0.6496797641398588 0.5842625013606291 0.5257456365070514 0.47486931306678687 0.4318199642805987 0.3963433994909664 0.3678375146796495 0.3454387175282462 0.3281112463183735 0.3147377409382421 0.30420230807455434 0.29545740772675955 
1.1339235125319354 1.1220005095185832 1.0887709983885423 1.0372471604462903 0.9717439245881595 0.897308738634069 0.8190336945395178 0.7414803023886548 0.6682994004404249 0.6020665837362335 0.5443003539370784 0.49559837612027147 0.45582323015318527 0.4242890594258292 0.39992969620964236 0.38144999100096944 0.36746720286590634 0.3566426849459497 0.34779543974264215 0.33998534458066837 
1.1529416705588564 1.1417522421414186 1.1098327003037947 1.0600379237144624 0.9966172429736454 0.9244947198501161 0.8485829079454189 0.7732511778112903 0.7020139659620446 0.6374232794885576 0.5810999322964051 0.5338299198895969 0.495675763030036 0.46608638151952186 0.4440134237545319 0.4280474630944654 0.41657702499234167 0.407958138669734 0.40067280656373844 0.3934553114999981 
1.1549892118335958 1.1418598213486009 1.1067237316912841 1.0525373199991135 0.9837267082637954 0.9052952516225116 0.8221410189856373 0.7385771029423247 0.6580957230020367 0.5833242842242826 0.5160810182444063 0.45745326847419204 0.40786636904573265 0.3671511141092825 0.3346328328158446 0.30925597449089787 0.28973848266935 0.274734201214926 0.26297711992218475 0.2533885692306651 
1.1755559877482333 1.164299796620157 1.1303621009536209 1.077276981905659 1.0099130778819967 0.9339053235132402 0.8548731090117179 0.7777845990946662 0.7065532074141861 0.643873268878723 0.5912430687545511 0.5490993389079205 0.5169973746795933 0.4938003404859078 0.4778703081498914 0.4672677313198405 0.45996210800298154 0.45404197623869896 0.4478995377306122 0.44036328853343687 
1.113369945189997 1.1012284921420576 1.0656217470716034 1.009729406627943 0.9383122102725402 0.8570102626957048 0.7715991995128999 0.6873438883261801 0.6085372519712126 0.5382551709123173 0.4783081841707155 0.42933682822840347 0.39098762587204794 0.36212079276697196 0.341026287784897 0.32564442023022017 0.3137912219133191 0.3033805224244943 0.2926244690537798 0.28019043263774285 
1.1833675291215477 1.1697213655947862 1.1335029718596237 1.0778001813106761 1.0074914520510792 0.9281970367695042 0.8455288098884278 0.7644844152598107 0.689060417472282 0.6220870091417471 0.5652362183804145 0.5191357406802177 0.48352834501210534 0.457442086461875 0.43936438372773867 0.4274270204070416 0.41960359913492273 0.4139076686598728 0.4085734306800825 0.4022027027934832 
1.1503349898036315 1.1360619017330098 1.097405327689825 1.0384087997216525 0.9644000041948442 0.8813852170717712 0.7952199198411634 0.7109992205383783 0.6327316094509368 0.5632506911354708 0.5042649520804752 0.4564563262599059 0.41958838614740873 0.3926348085275469 0.373958074346313 0.36155122760898417 0.353319699470291 0.3473526039204815 0.3421317965180241 0.336649186328228 
1.1992665769390065 1.185565904806318 1.1455769140767904 1.083117631955466 1.0038184229970446 0.9142940776975746 0.821256317174415 0.7307585934020818 0.647674222777241 0.575430526142053 0.5159621683182838 0.4698189392645657 0.4363644979891009 0.4140218954073751 0.40054424934227595 0.39330198200957556 0.3895768819643002 0.3868431107230236 0.38300621463597373 0.37657096242338023 
1.152588939771832 1.1393464808362828 1.0997277345361305 1.0375152022697802 0.9583677254692274 0.8690117472580223 0.776368215238685 0.6867701475502277 0.605378232576551 0.5358438836080878 0.48021404332719136 0.4390296371654658 0.4115490098450086 0.3960328695831936 0.390049925810636 0.39078481587615216 0.39533859617354977 0.4010075167044557 0.4055181071842169 0.4071948755895091 
1.1419399790725449 1.1276357648299007 1.086142199669063 1.0213968398671045 0.9392283981311867 0.8464636049517993 0.7500069101937304 0.6560738352361005 0.5696789151713751 0.4943906423394569 0.4323014507809992 0.38413586850917014 0.3494305619928509 0.3267491602029827 0.31392245369182664 0.3083166778091334 0.3071260797273456 0.3076692476049118 0.30765531563744736 0.305384790331501 
1.2277282952739748 1.2151794010647476 1.176767037649607 1.1162377061121895 1.0390835910118383 0.951620547092864 0.8600826430827533 0.7699284469638482 0.6854447753846715 0.6096230619424378 0.5442175363252213 0.48988776359359154 0.4463636265955537 0.41261603179921236 0.38704456987838537 0.36769506010380637 0.35250324807832034 0.33954098904463165 0.32723028439134944 0.3144931207048123 
1.0952274459320988 1.0810009852474287 1.0395165353979798 0.9747189186220935 0.8924588977640807 0.7995941099081575 0.703049518421155 0.6090195591276407 0.5224236174032222 0.4466434630107566 0.383504228624126 0.33342502527404877 0.2956625130788408 0.268590817692372 0.2499888290401024 0.2373266711791798 0.22804888934865625 0.21984398004898942 0.21087741286410494 0.19995896322143636 
1.1497869937740581 1.1361529736554694 1.0964215596908216 1.0343800413696442 0.9556693514551184 0.8669547922564608 0.7750403811416858 0.6860869652454707 0.605042588401476 0.5353316323661933 0.4787918165310062 0.43580459744388983 0.4055432850245753 0.3862686437335981 0.375627410241576 0.37093828844284127 0.3694659975406543 0.36868156455661666 0.36649408746611806 0.3614286993854168 
1.1853270451801252 1.171935185347977 1.1330635939890565 1.072550412890246 0.9960507220464939 0.9101375474447939 0.8213857267318082 0.7356245423049115 0.657460448596046 0.5900775209433284 0.5352547065895731 0.4935117799469343 0.46430713948561003 0.44624417901651203 0.4372783633224609 0.4349376107972649 0.4365675348957893 0.4395958416118763 0.44178966000792547 0.44146824923364036 
1.1593891937422542 1.1466360469339636 1.1093214483302105 1.0511803361413505 0.9776502946178426 0.894940653912849 0.8091249752240731 0.7254594775688461 0.6480178021874349 0.5796144700248688 0.521913577069824 0.475605578061291 0.4405716730599322 0.41601149843904855 0.4005543991679831 0.3923903210873027 0.38944403662499494 0.38958936975504516 0.39087485329859956 0.39172041881213054 
1.1792828937357565 1.1660048994895562 1.1274730554656724 1.0674651741507146 0.9915650067639032 0.9062864606905325 0.8181622389251219 0.7329780570782997 0.6552644385617288 0.5880739266496519 0.5330005834245591 0.490358457054794 0.4594307241265837 0.4387241333663811 0.42619912186930486 0.41947738022722547 0.4160430332709604 0.4134482142347746 0.4095164594508854 0.40252094528118143 
1.2052344839940508 1.1922138404032696 1.154401183430457 1.0953146390939603 1.0201847080445612 0.9351727032261022 0.8465469668632756 0.7599722109439284 0.6800130370105926 0.6098877481265391 0.5514500325433337 0.5053344807145782 0.47118479659039025 0.4478940433683661 0.43381763898507847 0.426955429396727 0.4251209431670532 0.42611553933461527 0.42790828663547104 0.4288030900477273 
1.1216263293618665 1.1096073238393749 1.07478383903386 1.0204972137827812 0.9516379817612272 0.8738348902628483 0.792649689863909 0.7129518646865314 0.638559916969222 0.5721402111671993 0.5152868017842372 0.46868329442226314 0.4322670128639142 0.4053585064413011 0.38676277900418754 0.3748739309148538 0.36781451790718683 0.36361996839643196 0.36045066508951085 0.3567943660521717 
1.1610843068753751 1.1491269306302936 1.1137552633968428 1.0583114950408365 0.9876707109947963 0.9074158654691657 0.8230320278475016 0.7393013942621198 0.6599835418464993 0.5877601569941974 0.5243512210573481 0.4706899859261423 0.42707161836096236 0.39324250388744797 0.3684467603384957 0.3514735171655242 0.3407465427633679 0.33447384851377016 0.33084379673548203 0.3282308609997819 
1.0850980987349454 1.0727640782471708 1.0368117298034072 0.9806459755127785 0.909318443476792 0.8287567546666721 0.7449556473573828 0.6632880219025832 0.5880384035136821 0.5221913252842152 0.4674437829713907 0.42436903194149084 0.3926462428533911 0.3712861169765048 0.3588167084899922 0.35343028147972655 0.3531150607489839 0.355797071917774 0.3595005448235486 0.3625129828353157 
1.1287899962618109 1.1159583589165667 1.0786205472259043 1.020248759994091 0.9460017914892932 0.8619467017290656 0.774237977553448 0.6884140896541151 0.6089170904667415 0.5388704777687283 0.4800854848210054 0.43322220972267544 0.3980180955732882 0.373511755827877 0.3582251456481776 0.35030509188557046 0.3476496576654092 0.34804707624930875 0.34933836860540507 0.3495915314585078 
1.1463372074714435 1.1346767270385196 1.1008981796248258 1.0482400886844658 0.9814172256309375 0.9058070939925417 0.8266491883070852 0.7484394138760487 0.6746118993750999 0.6074970301890985 0.5484674120604991 0.4981550474703084 0.45664311610841146 0.42358589794856044 0.39826413656004545 0.3796179613922108 0.3663050986834754 0.35681239812948656 0.34961727070615345 0.3433681011507181 
1.1299813576868345 1.118388723981512 1.0847923971953262 1.032418165325137 0.9659997477714006 0.8910038839894077 0.8128483882752524 0.736279715068185 0.6650017414060756 0.6015614370505521 0.5474305564398142 0.5031916030343926 0.4687416067327088 0.4434582032706578 0.42631323279555117 0.415953280229944 0.41078223214764964 0.40907440742337403 0.4091242955843508 0.40941315929049465 
1.2019477974467743 1.1903213901351466 1.1564243280074469 1.1033400565971456 1.0356499698531694 0.9587395741828545 0.8780680337540102 0.7985426757669856 0.7240914014916425 0.6574652475592971 0.60024818809068 0.5530125758465742 0.5155424240827963 0.48705467653690904 0.4663759519680435 0.4520671360638563 0.44251569883658576 0.43602503089978406 0.4309204141123957 0.4256708978947035 
1.1135318809441788 1.1014880095998762 1.0654299350165544 1.008535814407806 0.9355492693329147 0.852080853535487 0.7638652538180948 0.6761200867216378 0.5931052401877686 0.5179162722137629 0.4524838310552445 0.3977110081713226 0.3536698482953815 0.3197940445953865 0.2950360958209672 0.2779894281526182 0.2669966520586158 0.2602680882772053 0.2560220734138307 0.2526389509473561 
1.1207678172365214 1.1103247833553582 1.0798252539700033 1.0319160192301702 0.9705301122228279 0.9002947818642437 0.8259152392753412 0.7516593170918587 0.6810205271142897 0.6165762842680687 0.5600060088681549 0.5122048796088119 0.4734270347750829 0.4434113481374566 0.42147220146001285 0.4065645643869399 0.3973478326171969 0.39227256310434266 0.389701013386013 0.3880534703685677 
1.1788559936089886 1.1694510253001202 1.1420629124658221 1.0989179434316845 1.043340384423851 0.9792730907615759 0.9107716555482314 0.8415713107297299 0.7747911500618191 0.7127945536274879 0.6571832152353769 0.6088760254269241 0.5682182564843484 0.5350795185948852 0.5089235085110864 0.4888578792868421 0.47368829552441505 0.4620012186324879 0.4522864589129777 0.4430903147685202 
1.0949242838415234 1.083621614553199 1.0504311463388036 0.9977894555175475 0.929360106263864 0.8495375775018971 0.7629201948166952 0.6738545945640868 0.5861189184047649 0.5027634111790791 0.42608268716312203 0.3576672810024725 0.29847897715293414 0.24891168297945865 0.20882737820578376 0.17758248843488758 0.15407362970427801 0.13682863009834112 0.12415173949597481 0.114309182703824 
1.2901698016670153 1.2779844754094856 1.2423544423807262 1.1859446274632857 1.1127676725348223 1.0276445491215362 0.9356240155273478 0.8414706020915893 0.7492973442891123 0.6623714532403376 0.583074477020661 0.5129667149317987 0.45289605717883596 0.40310345238894224 0.3633029189343262 0.33274138835994205 0.3102615043610192 0.29439279337441576 0.283484363470688 0.2758722183550035 
1.1176434746406037 1.1052370905112088 1.0689892208220506 1.0117844544762926 0.9379483919135674 0.8526507183878965 0.761271714683369 0.6688501298928607 0.5796875593235491 0.49713259748330746 0.4235245780719744 0.3602509343543394 0.30786538296677834 0.2662226003023791 0.23460294339885213 0.2118212238849779 0.1963296423655501 0.18633136955692353 0.17991627372410396 0.17521706764454792 
1.0774626096876352 1.0664932468495234 1.0342387322384652 0.9836663687297652 0.9191607138950149 0.8458335931065853 0.7688137419676841 0.6926651199953432 0.6210246339506551 0.556476540321059 0.5006180301759654 0.45423518565157295 0.41750474067360505 0.3901584192940162 0.37158107776189525 0.36084879561639216 0.3567382096682177 0.35774754095891126 0.3621617648850316 0.36817350819931016 
1.1043687921699405 1.0946410787062602 1.0652521664522 1.0189741343180154 0.9598671853567537 0.892579162288683 0.8216372714415928 0.7508922329672786 0.6832116741840593 0.6204369025263505 0.5635434382318517 0.512902139163851 0.4685335244518272 0.4302787024260103 0.3978608898460577 0.3708614181131355 0.3486653590839475 0.330435690070989 0.3151542607385794 0.3017346162143739 
1.0832969580559886 1.0733610768777435 1.0442036024199954 0.9984608271466188 0.9400199576922994 0.8734055483762175 0.8031504692326543 0.7332782545009021 0.6669736377657034 0.6064614188853941 0.5530645574070403 0.5073769386410807 0.4694698908143927 0.439059667454753 0.41559524630850786 0.39827013477535844 0.3859987948438337 0.3774115870507212 0.37090866319226956 0.3647833844111853 
1.1220765573068041 1.1105945783462872 1.0769329415521942 1.024083425487132 0.9564145366423851 0.8789356102064767 0.796566677114011 0.7135787716148789 0.6332926718350592 0.5580342451362521 0.48927383507155436 0.4278442303671647 0.37413907386491374 0.328230598851818 0.2898949751271407 0.25857702347227096 0.23334957371451506 0.21292065572056504 0.19571837864889147 0.18005063635695906 
1.1321791804594565 1.121966416635388 1.0915894665866845 1.0439802060815657 0.9833548755904326 0.9144113953744252 0.8415502404212977 0.7683127635571365 0.6971413192992927 0.6294539950268451 0.5659340709017688 0.5068891368415722 0.4525447659972721 0.40319019046414706 0.3591635231118925 0.3207249033774988 0.2878984211562862 0.2603618115151602 0.23743367119335557 0.21816638231485697 
1.1742053195495097 1.1643693128473454 1.133548863611843 1.0847304344937445 1.0223280771574816 0.9514786596473569 0.8773094645435603 0.8043268417487447 0.736022137061162 0.6747245287540041 0.6216689525929957 0.5772050068590643 0.5410572267308311 0.5125582239527192 0.4908065494452545 0.4747394955687984 0.46314561684037064 0.4546622978292532 0.44780399601920734 0.4410477103154842 
1.3561513561732697 1.3454590600147607 1.3143603625016111 1.265585678169027 1.203175625871168 1.1318547508920478 1.0563903500240388 0.9810641852198096 0.9093313410925011 0.8436825337729229 0.7856805778056818 0.7361136244341967 0.6951961988718532 0.6627527373259258 0.6383370204439053 0.6212721268853482 0.6106309418362723 0.6052035115865498 0.6035027833100434 0.6038419049548756 
1.0354865663500714 1.0251451822432252 0.9951279488951171 0.9482232421581394 0.8884748697234217 0.820452958421604 0.7485228078304773 0.6762819150734172 0.6062688669834592 0.5399606793015782 0.4779960082443583 0.4205118354700459 0.3674707729813812 0.31888315813733076 0.274880251432284 0.2356529649632286 0.20131489652638454 0.17176568444216106 0.14661848925192453 0.12522231031116926 
1.3433406318942265 1.333972157328345 1.306558729911712 1.263627174635355 1.2088943595917365 1.1466667981996774 1.081230182193155 1.0163590061969197 0.9550211946087661 0.8992859025378737 0.8503883806194026 0.8088788511708322 0.7747851611578755 0.7477431970531525 0.7270809207767814 0.7118686368289662 0.7009622095786594 0.6930659717483267 0.6868309313349652 0.6809866986723487 
0.9004786700327511 0.8927686770396138 0.8702724775644012 0.8348469790627471 0.7892435756481092 0.7366900321839891 0.6804619006595434 0.6235309519716694 0.5683407916092088 0.516716470005729 0.469880687969022 0.4285320530235914 0.3929409948687968 0.3630315671449345 0.3384357809306505 0.3185250909547484 0.3024363937578144 0.28911435026448695 0.2773869739306774 0.2660786873870862 
1.4716240714849453 1.4644978593685036 1.443678715982176 1.4107739854669656 1.368179579710123 1.3187309900207596 1.2653397302408136 1.2106903350784797 1.1570459742911292 1.1061745242276673 1.0593735619631741 1.0175514156027239 0.9813165572269854 0.9510384831508584 0.9268644811333889 0.9087002293115228 0.8961796871821249 0.8886554599385476 0.8852334577591404 0.8848587045661332 
0.7776907176013784 0.77217440281798 0.7560553110911514 0.7305751517745817 0.6975714214474823 0.6591884558480522 0.6175828241385241 0.5746882334817613 0.5320794308027906 0.4909404564662228 0.45211187176718026 0.4161735736810593 0.38351870559195805 0.3543882902165242 0.3288591148118294 0.3068003776878234 0.2878296936520743 0.27130155927653016 0.2563511052697773 0.2419969523639416 
1.4654188430363413 1.4605619689659748 1.4446078235735644 1.4187198052313992 1.3846596362460741 1.3445316455596816 1.3005167003350842 1.2546514100952089 1.2086881025310334 1.1640434226961318 1.1218177936967195 1.0828521421223738 1.047785838880655 1.0170895737594092 0.991063930323489 0.969812065464266 0.9532070123398196 0.9408771003368138 0.9322266487424234 0.9264964521586626 
0.7316608696410999 0.7290535594788445 0.7166775567518496 0.6955271179146058 0.6671091514918953 0.6332242336794915 0.5957388817349503 0.5563952004332335 0.516686644552019 0.47780573211676086 0.4406493131866562 0.4058554790631674 0.37384544950988696 0.3448519444804667 0.3189282512040021 0.29594440582702053 0.2755845882869763 0.2573609504965576 0.24065390227402728 0.2247795856107609 
1.5242511766567963 1.5208364830525578 1.510767098336411 1.494690677886069 1.4735876375206423 1.4486218171886038 1.4209881761459295 1.3917911609801217 1.3619740122270294 1.33230172634543 1.3033848153364853 1.2757220310575426 1.2497396368660294 1.225811432531098 1.2042542684474227 1.185304219937067 1.169085630807145 1.1555871696324407 1.1446559671074679 1.1360144013470073 
0.5850274908524165 0.5810443704721187 0.5692044992579812 0.5501832329902676 0.5250077885765867 0.4949346989855982 0.4613180011591455 0.42549231799839426 0.3886869332289506 0.35197636752973793 0.31626360899559763 0.282286454219187 0.2506358895324688 0.22177708082729558 0.19606674600332563 0.17376409823720082 0.1550354062975419 0.13995422108508299 0.12850033127547386 0.12056044115540496 
1.5397467125546065 1.538439108071394 1.5336417560489406 1.525609611734287 1.5147309897736632 1.5014770783887763 1.4863498331595468 1.469837997815822 1.4523863135999564 1.4343782474587372 1.4161295240102296 1.3978887969075533 1.3798423289796071 1.3621206594313398 1.3448062646461212 1.3279418842939692 1.3115394401820897 1.2955893922204869 1.2800701255713913 1.2649567719742465 
0.39617298676417984 0.3953957615017154 0.3930233838561801 0.3891173283690978 0.3837746339964159 0.37711887425188445 0.36928971060760685 0.36043260852199177 0.3506900574509806 0.3401951646615731 0.32906792627303655 0.3174139574496397 0.3053250928560522 0.29288110287942215 0.28015181173282566 0.2671991040690721 0.25407858411077044 0.24084090353953586 0.22753291181878274 0.21419876725631065 
1.5732125915425095 1.5713818450601313 1.5658676046220767 1.5569530809579253 1.5450652089356542 1.530719335392309 1.5144616696957112 1.4968202695405588 1.478270617395114 1.4592168479523768 1.4399861951233075 1.4208327757616206 1.4019469438874648 1.3834672942406594 1.3654932946179423 1.3480971738498555 1.3313340760264665 1.3152497414031359 1.2998852252165576 1.2852784838912341 
0.6340959224981924 0.630138712247592 0.6182916699829578 0.5992615097891153 0.5741213434346282 0.5441789960905906 0.5108348838234429 0.475455432421721 0.43927969570745773 0.40336569954871776 0.36857298883512185 0.33557147254670383 0.3048646305376528 0.2768165943623133 0.2516759672599905 0.22959302044701824 0.21063010335918653 0.1947672440413613 0.18190583952704847 0.17187311948258582 
1.5873140637338587 1.5835272671115976 1.5722844350339624 1.5543430079957135 1.5308345831302408 1.5031010123677044 1.4725250068489406 1.4403911644657008 1.4077998539783372 1.3756383118612696 1.3445969277569845 1.315208899819183 1.2878902946395354 1.2629639985876722 1.2406617222937018 1.2211088820814728 1.2043042846282703 1.1901082772868128 1.1782495991532365 1.1683543731400128 
0.7481133499881871 0.742714831438812 0.7266290122780441 0.7009478826052469 0.667332674734182 0.6277847250593421 0.5844017462155778 0.5391671348525917 0.49380374108881536 0.4497012975967937 0.4079061649840606 0.3691492824495654 0.33388592534368944 0.3023279365221249 0.2744613834426144 0.25005474125543564 0.22867019804090774 0.2096913712179286 0.19237524969459566 0.17592728195770996 
1.5219277617693199 1.5174941103101776 1.500846415242009 1.4732034150983067 1.4364424952307642 1.3928375768039982 1.3447811577023325 1.2945469045328581 1.244129962939306 1.195175348713516 1.1489795544453125 1.1065343734290505 1.0685786063952294 1.0356318932261799 1.0080006970517092 0.985762939431938 0.9687490641213239 0.9565400899484229 0.9484974958140504 0.9438283611347553 
0.8201472531886262 0.8147946838754215 0.7982957079547459 0.771938719492987 0.7376434897152215 0.6976662690329587 0.654296679352124 0.6096121260726782 0.5653301007041169 0.5227648752987343 0.4828644669084938 0.4462856327680943 0.4134632095070222 0.3846436970845677 0.3598752853172731 0.33896898044093143 0.32146031175979783 0.30660367377454995 0.293421441534622 0.280811459472186 
1.5360199952333204 1.529175474642991 1.5082871774723723 1.475033545743597 1.4319311129443413 1.3819687551749562 1.3282235107927491 1.273535697464409 1.2202941054966756 1.1703456251761706 1.1250097710750833 1.0851564523023047 1.0512995494471784 1.023668750842294 1.002242496857706 0.9867477853313857 0.976649766208064 0.9711597881115508 0.9692835860970535 0.9699150504879237 
0.9905182908318436 0.9829912523483226 0.9600542184043357 0.9236586714107371 0.8767000217753639 0.8225844858914692 0.7647824817024019 0.706457911087334 0.6502255091156981 0.5980449863771155 0.5512261561864034 0.510501569338564 0.4761226642987257 0.447947332461707 0.4255045278018024 0.4080389787330291 0.39455148275044205 0.383854690284299 0.3746596764935189 0.3656963570455633 
1.3668915311082555 1.35722363719027 1.3285895895634003 1.2835656206548904 1.225949509649954 1.1601529818815308 1.0905825317452884 1.0211397665849389 0.9549171543437383 0.8940982428936671 0.8400169549514911 0.7933033503709183 0.7540457395215604 0.7219229111943798 0.6962918085377372 0.6762425191316802 0.6606464615707431 0.6482237244136334 0.6376445623071321 0.6276631384547978 
1.0913716105799718 1.0810443710671083 1.0510233533578839 1.0041133244119522 0.9443840901819031 0.8764400710482569 0.8046876154300129 0.7327703752980361 0.6632764238613765 0.5977335492199407 0.5368299491303419 0.4807477943955344 0.4294868600274429 0.3830827004492781 0.34167622142590515 0.3054497393900491 0.2744889145660336 0.24864695018592672 0.22747487533630123 0.2102482305285866 
1.3649081089594908 1.354654294316561 1.3240968266230437 1.2759800755506858 1.2143631435431597 1.1439928596819833 1.0696619901595894 0.9956805897456947 0.9255347187630498 0.8617486190131615 0.8059207246657019 0.7588757977646091 0.7208640332025219 0.6917418855285372 0.6710883167737687 0.6582415739753081 0.6522770676964007 0.6519730817754045 0.655816078386988 0.6620787365144208 
1.126570515955017 1.1152437029669695 1.0822058060772597 1.0305342407318316 0.9647762233701721 0.8902314514784394 0.8122044774233004 0.7353773843207702 0.6634009248362984 0.5987354264410194 0.5427108186528772 0.4957322147770973 0.4575413140789194 0.4274544098975027 0.40452773092445327 0.38763900527336603 0.37550873909806953 0.36670549655864443 0.359680148009143 0.35285540219047007 
1.092654943278162 1.0819127245276114 1.050370947532359 1.0010624745565067 0.9383528609282277 0.8671219192006308 0.7919657088160441 0.7166152827168317 0.6436789920522239 0.5747032648517758 0.5104534637453302 0.4512704200834977 0.3973673338440372 0.3489834677022929 0.3063805554855514 0.26972837271569017 0.23895843225628693 0.21366326799858085 0.19309011946149354 0.17623694609449347 
1.1343894625856143 1.1227511759684699 1.08863810686042 1.0351163908475582 0.9666756712552192 0.8884780420828815 0.8056099265740222 0.722504062805762 0.642621912131452 0.5683964735014608 0.5013640356412096 0.4423797262570865 0.39181831909689224 0.3496982199821336 0.3157155788799776 0.2892188097034358 0.26917740292905 0.25419711663096134 0.24261072075531734 0.2326412221657236 
0.996244302000731 0.9861655372388687 0.956054869247541 0.9086493343617099 0.8480016877797504 0.7788469745507162 0.7059494256273725 0.6335600225470565 0.5650649047078544 0.5028474411267486 0.44833645300365005 0.40217638735219713 0.36443773971730037 0.33479333088750335 0.3126177622044176 0.29701170789288595 0.286789951697418 0.2804858885375677 0.27641232948326355 0.27278912321684795 
1.0977453765166834 1.087912589524539 1.0578020996623523 1.0102332669770167 0.9493580415688908 0.8799484995163266 0.8066742136018267 0.7335320305960479 0.66352703123542 0.5986200808098222 0.5398828586400959 0.4877570289683424 0.44230948964003597 0.40340615634929244 0.3707772767311037 0.3439973309001294 0.3224340869981965 0.30522546680196944 0.29132246420943336 0.27960330422720914 
0.982086839184714 0.9708806381226205 0.9382823978701951 0.8873099478282223 0.8224189444194989 0.7488006012849472 0.6716577496953886 0.5956107863902516 0.5243263475586385 0.4603872627315553 0.40535859394646073 0.359968347482321 0.3243170456771483 0.2980513899811351 0.2804717358479329 0.2705783067342132 0.267086644530737 0.26845239098197665 0.2729378705805701 0.27873234775641903 
1.0633306366790483 1.0510676343500585 1.015252763331042 0.9587988327074487 0.8860718690107139 0.8022831163822199 0.7128434267740434 0.6228003247941407 0.5364348998487379 0.45704307892183516 0.3868814577862702 0.3272311851985382 0.27852584718263707 0.24049734851087487 0.21231159555974632 0.1926864739855799 0.18000116629191104 0.17241278771486226 0.16799187059046417 0.16487543471541702 
1.2107597371244776 1.198517643560667 1.1627105544672331 1.1060627168279555 1.0326754111934082 0.9474704178385011 0.8555899768229172 0.7618664435630872 0.6704411304364386 0.5845629488174863 0.5065495558037393 0.4378604705731922 0.37922069559720795 0.33074442491913486 0.292033673257905 0.26225414166145067 0.24020908780222044 0.22443523120984477 0.21333357991118101 0.20532904521448309 
1.072666396399297 1.061869705852193 1.0289503749995073 0.9764177839040542 0.9080529713162723 0.8283953837256314 0.7421954998407128 0.6539388488541281 0.5675114508936019 0.48602759478944635 0.4117955867497368 0.3463694598499668 0.2906305502517834 0.2448593163564817 0.20878499890893837 0.18162630708783506 0.1621500297185143 0.14877186394526506 0.13970743092684035 0.1331594698289919 
1.0349077233722266 1.0248012277339018 0.9953215624831044 0.948843911411746 0.8889285735984752 0.8198206628628276 0.7459183014520148 0.671311301084146 0.59945775912011 0.5330200491578868 0.4738396781853679 0.423003624196146 0.3809481657132176 0.3475584445370294 0.32224584735942735 0.3040100489460199 0.2915079626142054 0.283152245897124 0.2772486817299887 0.272161936676667 
1.0971254228432208 1.0859644038310285 1.0535138709737253 1.002570962070367 0.937299385742317 0.8626137766285961 0.7835349068055553 0.7046445456107584 0.6297211035735508 0.5615759431181789 0.5020572199917901 0.4521579644149478 0.41216187735296383 0.38177854824774776 0.36024831992887824 0.34642355420681165 0.3388482612493428 0.3358581870785544 0.3357109271407947 0.3367375341252969 
1.0164901269944135 1.0036246370224813 0.9661353139911215 0.9073171362286042 0.8320887495889128 0.7462754610796657 0.6558443647610027 0.5662403899736782 0.4819250794542889 0.4061539670620212 0.34096605255106033 0.28731782568908637 0.2452826216721894 0.2142510779959412 0.19309918154198794 0.18032243186586364 0.17415545991204587 0.17269982141136833 0.17407064439942116 0.17655383648040104 
1.1608843037129708 1.148778026046119 1.113627062011445 1.0586247107769962 0.98852107395088 0.9089135174012211 0.8254968234450487 0.7434167268010242 0.6668219903697421 0.5986493162963045 0.5406198539020481 0.4933868228323711 0.45675691168884225 0.42991535641934814 0.411611281480242 0.40029424276277376 0.39422009813486936 0.39155369616989605 0.390486422690816 0.38936675766193873 
1.0373776503510161 1.0251029834384502 0.9894229113528058 0.933711563464248 0.862938384535526 0.7828731293682589 0.6992784621496154 0.6172591715838083 0.5408624842828634 0.47293793907085074 0.4151984453322968 0.36839265649168745 0.3325032256081973 0.3069154618510773 0.29054063580196615 0.2819115428470567 0.2792830419212468 0.28076361985425363 0.2844817665441298 0.2887657583810386 
1.0748299782030781 1.0631697010316015 1.028279143099645 0.9735086176553908 0.9037556858443662 0.8246348897017999 0.7416559143600696 0.6595947021421181 0.5821520083677774 0.5118903794711891 0.45036313403753586 0.3983200786314744 0.355894259767067 0.322723563312858 0.29801402848935277 0.2805858529120972 0.26894805017649287 0.2614276014164128 0.25634741330320854 0.2522201386854645 
1.081403669031795 1.0681526182604484 1.0297152490116281 0.9696573862079269 0.89328522295553 0.806852399924271 0.7167210686125215 0.6286389318391217 0.5472400927501674 0.4758069428621533 0.41626482451544866 0.3693368422489997 0.33477159934052336 0.3115714396214588 0.29818320776102114 0.2926511471581856 0.29275581643772447 0.29616518182997026 0.30060764937804063 0.304053970788442 
1.0949768827647468 1.0824868739214693 1.0460887274662654 0.9892463734792499 0.9171110835480084 0.8357391138096982 0.7512684304383631 0.6692145421782546 0.5939898499642925 0.5286806554279946 0.47505214474759755 0.43370917036756057 0.404327251566947 0.38588323480793074 0.3768488029710732 0.37534638844833834 0.37929001549952707 0.3865349941582815 0.3950438466491423 0.40305379516490236 
1.1294124648913744 1.1178168125599413 1.0812740098989044 1.0232195169722154 0.9487433841115047 0.8637402024597612 0.7740687221334019 0.6849068026740528 0.6003910050714713 0.523524943831005 0.45626757299870346 0.3996915882291155 0.35412798961056985 0.31926325782304993 0.29420366901632455 0.2775471711764804 0.2675006626728234 0.2620565304895705 0.2592117386737928 0.2571903442726265 
1.1179963758888194 1.1048010366609466 1.0664506130994107 1.0065387265969983 0.9303548161472301 0.8440325472505819 0.7536950604165844 0.6647775373788116 0.5816199634944311 0.5073264008812916 0.4438178705817434 0.3919815737742224 0.35183639266792793 0.3226756410975463 0.30319015050244513 0.29159947281435433 0.2858186052510422 0.2836672291858028 0.28310165008083904 0.2824308104200547 
1.076380236665031 1.0625422864430618 1.0223893185220718 0.959641308899615 0.8798401926624863 0.7895338598891742 0.6954115463542837 0.6035515582008916 0.5188876843917493 0.44493460130041995 0.38375238410509555 0.33608674608925343 0.30160276536829733 0.2791389695338149 0.2669392262453672 0.26285533161771085 0.26453536509444436 0.26961330960233376 0.27589959996229346 0.28155398057766867 
1.1191509514591313 1.1054710481935064 1.0658870295330596 1.0043144488467581 0.9265454617537023 0.8393458240793659 0.7495120887406356 0.6630751582905325 0.5847667053169658 0.5177795360093287 0.4637802627993712 0.4230906416476365 0.3949474107286417 0.37777238024158655 0.3694199176878821 0.36740065629546126 0.3690954005753496 0.3719688236714986 0.3737762236107644 0.37274103567995903 
1.0895818404981545 1.0760929998355249 1.0370800504723894 0.976419693215106 0.8997656728012005 0.8135918416967326 0.7242544784483417 0.6372810699676731 0.5569800960353624 0.48634708481501077 0.42716478356925053 0.3801799778752438 0.34527486692638837 0.32160632874977674 0.307730798030491 0.30174853751061664 0.3014893628268186 0.30473554933806274 0.309453081839326 0.31399108640398593 
1.0907947872579644 1.0762138957546517 1.0338937589406663 0.967883874988696 0.8841690784951788 0.7897403926989939 0.6916426419204129 0.5961893129269354 0.5084503207720101 0.4320237301531957 0.36903261953762134 0.3202596626764531 0.2853419608729954 0.26298133391311657 0.25116019823995245 0.24737358032399875 0.24888702802709178 0.2530133693435173 0.25738122634088156 0.26015727522036225 
1.1048406441879925 1.0905199596980721 1.0488959049089808 0.9839078444771393 0.9014371682260731 0.8084524266679558 0.7120932788306078 0.618857501014267 0.5340032739053694 0.4612160648119078 0.4025307343479502 0.35845468555984106 0.328215603781409 0.310062110265179 0.30157104344635766 0.2999442842954317 0.3022943584449801 0.3059160572649061 0.30852872622272937 0.3084636524556339 
1.0435197334052964 1.0296563052089416 0.9886889630659647 0.9246734346288376 0.8436247008193211 0.7525954114919514 0.658709950044861 0.568340145936668 0.48653780711216105 0.4167553750662946 0.36081776525263415 0.3190716929660932 0.2906349099574543 0.2736870855592554 0.2657713566521606 0.26409635316699803 0.265834583590591 0.2684056222702976 0.26972056496086344 0.2683583148292551 
1.118744820089159 1.1055869719486684 1.0673148093611287 1.0077838827569376 0.9326254789453775 0.8483025849428164 0.7611801826935329 0.6768087874733886 0.5995101672769415 0.532242582532254 0.47665565915473407 0.43323715376654787 0.401488458659928 0.3801103184514215 0.3672079793328082 0.36052678264901744 0.3577128375191093 0.3565738432600136 0.35530456105100555 0.352644389477801 
1.0566080123445598 1.0428782489225796 1.0026433766524936 0.9399196554400525 0.8606513459520632 0.7717956858156233 0.6803775221475149 0.5926985602131442 0.513805915162949 0.44723508108156873 0.39497663876907524 0.35758962928727284 0.33439386391157244 0.3237017772877252 0.32307781795901697 0.3296256310139738 0.34029726829026297 0.3522026088703321 0.3628844962960355 0.37052431875005015 
1.1021099645303707 1.0878244969757576 1.0463787663409658 0.9816755996145609 0.8995557548629939 0.806967165994318 0.711066428072139 0.6184114186562814 0.534355864395144 0.46269769946274625 0.40557661293273783 0.3635724576497213 0.3359345566728416 0.3208764842032872 0.3158933771395952 0.318081463494143 0.3244486606522418 0.3322011335037 0.338983571639372 0.34304965063639997 
1.1117335515420528 1.0977801858405087 1.0573387844350386 0.994343645972416 0.914599695206123 0.8249338280336849 0.7322831388038414 0.6429153963968253 0.5618859607673723 0.4927561222197958 0.437537243906528 0.3967960005560105 0.3698563556115388 0.3550526260914638 0.3500103293618063 0.3519446529296601 0.35796556217687286 0.3653688271019599 0.37188357310707654 0.3758470089607096 
1.074695397873384 1.060268445651874 1.020917155500014 0.9607899940035656 0.8853820346558258 0.8009093863917388 0.713455785417568 0.6283381744065494 0.5497578447505004 0.4806942232665267 0.4229429049307769 0.37720924216780455 0.343217958718199 0.31984839085163497 0.3053238690554308 0.2974665033363002 0.29399292499645746 0.2927991822911438 0.2921821640832217 0.29096739821742423 
1.1266308453368696 1.1129401931959841 1.0764629980150782 1.0203732765892892 0.949683486672761 0.8701800871836943 0.7876549111798327 0.7072805895471311 0.6332070346207208 0.5683832433734345 0.5145572623024002 0.4723865324608878 0.4415980199204025 0.4211624342946999 0.40947454167855585 0.40454566503660955 0.4042091411059458 0.40632642907820454 0.40897544910427736 0.41060462005428194 
1.0426646317670956 1.0306987077767809 0.9956877277412145 0.9408623908006646 0.8710528362350524 0.7919775864092593 0.7094890449298351 0.6289169760251275 0.5545990005820186 0.48962997411373055 0.43581124761018003 0.39374638129558487 0.3630196886784877 0.3424079029356308 0.3301008719802173 0.3239269604892428 0.3215830616021324 0.320861048853055 0.319852413945407 0.31710904377358595 
1.070363807698858 1.0577283125389418 1.0225307371422936 0.9683759175611361 0.9002364244228507 0.8238745553731447 0.7450485889641646 0.6688647011428075 0.599361989087389 0.5393386542348049 0.4903680037305128 0.4529284482117829 0.4265814472981013 0.4101606697740686 0.40196462809306743 0.3999592621616614 0.4019930321545963 0.4060124638012876 0.41025318614102924 0.4133795043664551 
1.0310966777118926 1.01803180343332 0.9833186445891567 0.9299505378093317 0.8623985322922328 0.7857097922896347 0.7048148486011792 0.6240383370354209 0.5468557820399952 0.4758456967786668 0.412745106653846 0.35853141132930727 0.31349788491839764 0.27732985154750717 0.2492034898989639 0.22792018209313517 0.21206988516400516 0.20020120670246802 0.19097166046610964 0.1832590599517428 
1.1209167200311962 1.109467205462686 1.076678760443797 1.025478162506266 0.9602273489588036 0.8859918115329232 0.8078401234818873 0.7302975798940294 0.6570211220005783 0.5906813304632706 0.5329868783265753 0.4847781612642816 0.44613968958680306 0.4165141353059114 0.3948250507582648 0.37962070137310183 0.3692410922234316 0.36199516273475185 0.35632600309552626 0.3509426186534254 
1.0427219406281112 1.0299802855660742 0.9942403068299157 0.9386148923288841 0.8675781075958958 0.7863826459430676 0.7003570672891888 0.6143149697785756 0.5321603373385403 0.45671084378921306 0.3897071869294399 0.3319441290907132 0.28345440019252094 0.2436962496352441 0.21172439900328197 0.1863452525487109 0.16626243946095468 0.15021230575479422 0.13708051027057166 0.12598729079916035 
0.9878261941747554 0.975971077469215 0.9437707021900882 0.8940614863711082 0.8310277441321234 0.759472521701507 0.6841509724577767 0.6092609930251144 0.5381571199276446 0.4732739633996985 0.41619291675168474 0.3677727988367085 0.3282848716276457 0.2975265980169435 0.27491656719134916 0.25958397476572065 0.25046133123399056 0.246378471606889 0.24614899360700584 0.24864041790838118 
1.0308407240976944 1.01968303263962 0.9883756397169261 0.9395330222924614 0.8769777419818476 0.8050591024280418 0.7280471016970894 0.6497237235862857 0.5732059490815172 0.5009418617293098 0.43478147823819435 0.3760418000230864 0.32553480019668174 0.2835723473112995 0.24998093601404087 0.22415076393437947 0.20512274224264646 0.19169982735434898 0.18256363212298365 0.17638178589110118 
1.0360919266708635 1.0255079836041257 0.9950935902936572 0.9475374223956571 0.8867090907789081 0.8170310323968777 0.7428514993380888 0.6679885825496032 0.5954997911549378 0.5276478578259886 0.46598498020400947 0.4114742382465267 0.36459586391351123 0.3254238224830643 0.29368420193147377 0.26881316916769266 0.25002410201275505 0.23638243904071213 0.22688115142535129 0.22051045943744954 
1.0539597272765644 1.0430581887086467 1.0126928431228817 0.9654436109319786 0.9051156767013108 0.8361051814206235 0.7627795289691228 0.6889888997407358 0.6177796905543845 0.551313052313561 0.49093844686244437 0.43734683298554633 0.3907344027012118 0.3509365386783701 0.31752425259016553 0.2898752333753579 0.2672343457365222 0.2487711651819945 0.23363475813354478 0.22100313551045359 
0.997894784169948 0.98874235565223 0.9615404054476477 0.9187578781951441 0.8640043148071085 0.8014021318873167 0.7349915635831668 0.6682976999224334 0.6041153907082117 0.5444873056021049 0.49080012303400483 0.44391551880200675 0.40427814663782985 0.3719815701247598 0.34680401497935126 0.3282376073987288 0.31552944982814124 0.3077406284781796 0.3038194785013189 0.3026814071366071 
1.0288900639310978 1.0189177970519647 0.9913499383288925 0.9485723262850305 0.8940025832449637 0.8314673157121839 0.7646452095819469 0.69671446201767 0.6302303883949476 0.567166371239878 0.509014593075654 0.4568648018098892 0.4114315911739344 0.37304734011812635 0.34165706790510936 0.31684316706859966 0.29788731700054777 0.2838598760022283 0.2737208746815611 0.2664190694053405 
0.9388951001812591 0.9288782490146104 0.9010116238901884 0.8577504710485511 0.8026483734201809 0.7397202535251632 0.6728537097441889 0.6053998314425757 0.5399892798363127 0.4785340069489552 0.4223292773378136 0.37217310001771636 0.32845530547487656 0.29120995973373837 0.26015095727283444 0.2347144658862192 0.21412059918639065 0.19745286337782966 0.18374598337681508 0.17207150109978742 
1.0270451607569122 1.0172794878706894 0.9884263189599525 0.942985890451731 0.88465238826128 0.8177029049203259 0.746395270913609 0.6745009796225581 0.6050374648115326 0.5401943327646295 0.48139721949503816 0.4294341919070527 0.384583467600075 0.34671416992064624 0.31536312870241284 0.28980531307501967 0.2691322416726841 0.2523411973300595 0.23842842938171677 0.2264758371035815 
0.9956399620791377 0.9854404840803603 0.9570792183696571 0.9130504695914056 0.8569812784340958 0.793007724197711 0.7251807847340945 0.6570327292731262 0.5913561642922007 0.5301688789376527 0.47479162321648627 0.4259625707633122 0.38394007511837913 0.3485817461603259 0.319412393960294 0.29569794813713735 0.27653266168927987 0.2609345545348351 0.2479376579926596 0.2366703095711854 
0.9818263120468423 0.9726613391363778 0.9465817699078342 0.905884781057534 0.8538622734001445 0.7941892207592939 0.7303838422465403 0.6654645404094707 0.6018262289249888 0.5412712295215122 0.4850983019049475 0.4341774100338197 0.3889878797210742 0.34963839000077057 0.31589947421938824 0.28726618830502676 0.26304727067359385 0.24246327304427345 0.2247351610660735 0.209152378552606 
0.9673841040997714 0.9586329754471022 0.9334461070773306 0.8941046838470847 0.8438950708036963 0.7865053510151662 0.7254706865818425 0.6637947820362496 0.6037883502861774 0.5470833227234707 0.4947396996778922 0.44736720748539743 0.4052193666342849 0.3682564199927932 0.33619538831298085 0.3085656121417285 0.28477566330717413 0.26418544379518333 0.24617288859848613 0.23018716056530697 
1.0450167525110827 1.0361953473481795 1.0115433131268838 0.9732971959500987 0.924704150369014 0.8694426812385441 0.8110667966057254 0.7525961930846742 0.6963094033306766 0.6437252609565394 0.595708748468286 0.5526232604724333 0.5144701429460157 0.4809914045446376 0.4517412445721808 0.42614362742021694 0.4035484252946147 0.3832883794060164 0.3647323701847574 0.3473294300492646 
0.8911747112317636 0.8821679256432716 0.8572069664178512 0.8185690757884801 0.7695300674774033 0.7137612439108952 0.6547713241000311 0.5955206749347842 0.5382519651006175 0.4845005882920104 0.4352051191207426 0.3908402508928598 0.3515269897825362 0.3171121091366486 0.28723097012159754 0.26136949573786916 0.23893058079047774 0.21929980827194465 0.20190194493051364 0.18624246219104035 
1.0054178526957755 0.9967899185188819 0.9729931004041523 0.9361428383589626 0.8892364462038309 0.8355603549848444 0.7781770655619958 0.7196153202818953 0.6617827583055725 0.6060325574122319 0.5532847564905767 0.5041279477384505 0.45887733034427436 0.41760548756167815 0.38017429971452027 0.34628441296112394 0.3155397057615176 0.287513065729562 0.2618005136433376 0.23805810826439436 
0.8521541705010001 0.8425538537538159 0.8158737227122602 0.7743874785835927 0.721362348810467 0.6604552107587609 0.5951614417316349 0.5284455852490503 0.4625952933484201 0.39925563604879005 0.3395566859256299 0.2842511269693692 0.23381429491964995 0.18849976461386628 0.1483683689162039 0.11331193554715782 0.08308337223594367 0.057334035577220104 0.03565420823346468 0.017612448443627284 
1.0254796895155829 1.0169339370428223 0.9931871153665569 0.9563773391902404 0.9095799395596823 0.8562345755906513 0.7996098226584721 0.7424291622065304 0.6867092698844659 0.6337843880593106 0.5844410048327274 0.5390781358675478 0.4978345946427225 0.46066514073922465 0.4273790683265967 0.3976656420776061 0.37112430905871335 0.3473052516780144 0.32575659225723635 0.306070805003095 
0.8394269912955759 0.8307050519625693 0.8063700789540013 0.7685753917939531 0.7203967215477647 0.6652459908269167 0.6063474641130746 0.5463999255648105 0.48745601401863864 0.43096565823004085 0.37789248520589 0.3288248003499136 0.2840451946029632 0.24356504977055385 0.2071512855265256 0.17436966546571186 0.14465296282815987 0.11738700981568767 0.0920002437820275 0.06804217331793345 
0.9980308481849862 0.9899931206265659 0.9676695477436615 0.9330893510423555 0.8891143153284922 0.8388594848337814 0.785200246145132 0.7304876222180186 0.6764868316117344 0.6244646251632542 0.5753199293616427 0.5296792520368805 0.48793253077858717 0.45023043557515796 0.4164805295569525 0.38636963138528824 0.35941910397255566 0.33506353555212715 0.31273693399476354 0.2919515224214196 
0.9626338631249494 0.9543484851087934 0.9313424916875889 0.8957565518400745 0.8506424568789637 0.7993682588306604 0.7450794402500087 0.6903458314869035 0.6370361693339655 0.5863760991872992 0.539098495363457 0.49559719026156956 0.4560322073473936 0.4203793967611586 0.3884469041508974 0.3598873930206955 0.33422530780534154 0.3109046117907216 0.28935211275962874 0.26904624400843996 
0.959450794963846 0.9503246906491134 0.9248855673576944 0.8854006182749312 0.8351367728190162 0.7777590185721981 0.7167717640531734 0.6551329702600086 0.5950900034737244 0.5382037381075455 0.4854782608617543 0.4375094356027764 0.3945965299781393 0.3568031486480144 0.3239839219292289 0.2958023146267256 0.27175782982413754 0.2512289381561947 0.23352897803252162 0.21796776907880175 
0.884511333574743 0.8764194025257127 0.8521060700998253 0.813818530951557 0.7647677712194471 0.7085136750708797 0.6484185143332926 0.5872974217896272 0.5272950164360806 0.4699300000048726 0.41621340018549446 0.3667630105088682 0.32188094901236725 0.28160109007920986 0.24572946980533156 0.21389465122148418 0.1856101118652731 0.1603401111411231 0.1375586572909526 0.11679492055568924 
0.9056837508388915 0.8973435884577577 0.8738944748755811 0.8375199511157072 0.7913308652885364 0.7387603646754528 0.6830260588429278 0.6267852464718016 0.5720117272074164 0.5200383491656959 0.47167567937610355 0.42733423232540596 0.3871194125898801 0.3509037323809484 0.3183932363263437 0.28919742225018946 0.26289846968726593 0.2391084245237747 0.21750504522037353 0.19784392972246387 
0.9424673556021453 0.9337626097664156 0.9093313281220557 0.8714471978814797 0.823391734395679 0.7688575014274049 0.7113874741960725 0.6539755916077379 0.5988766531489469 0.5475974300525847 0.5009976013963973 0.45942755464402335 0.422857603387852 0.3909860101398769 0.3633322199967014 0.3393228766558372 0.31837017076722496 0.2999355272252017 0.28357122217368486 0.2689367330634525 
0.8525966429087156 0.8446050102139726 0.8218310412631996 0.7864631760862407 0.741630113583799 0.6908031669935081 0.6372524391736684 0.5836817163816335 0.5320785057538585 0.48373507444136654 0.4393591127906549 0.399202314875878 0.36317107973040313 0.3309177412957031 0.3019255707137587 0.2755962521728452 0.25133642856074107 0.22863197038811353 0.20709888040160981 0.18650539428152063 
0.8134136716849154 0.8057909360349159 0.7846574591551166 0.7520496854890922 0.7108427804577985 0.6641687517720407 0.6149122165868108 0.5654049810123652 0.5173390542820073 0.4718331416407268 0.4295582042519391 0.39085122452332616 0.3557931297361141 0.3242635934950803 0.29599563345082675 0.2706414821945364 0.24784425645486824 0.22730063291254798 0.2088010933668517 0.19224173002960498 
0.9486062291882226 0.9404897614699952 0.9178049696795102 0.8825980283103565 0.8377877347801344 0.7866034227398625 0.7320795435676289 0.6767255717776365 0.6224041019742015 0.5703718838074052 0.5214021652324689 0.47591621656877225 0.43408772292343983 0.3959183148246708 0.3612981514276413 0.3300621912631508 0.30204212805984576 0.27710685033797966 0.25518410942291336 0.23626031407154952 
0.8490922465816167 0.840862106973175 0.8178424301362183 0.7821126386158164 0.7366344566899784 0.684677799538216 0.6293080233207269 0.5730556184955815 0.5177991048614949 0.46481125556124286 0.4148832526859524 0.36845386009560155 0.3257092708110708 0.2866548857394269 0.2511751122848755 0.21909217088043179 0.190222525541201 0.16442172111837014 0.14160871903256927 0.12176617473559095 
0.8424441971025125 0.8343756489159145 0.8114662646709544 0.7758307201932036 0.7304681008171642 0.6786705458661993 0.6235053534517917 0.5674943457532858 0.5125140676678245 0.4598552685838275 0.41034804899085586 0.36447948931082086 0.3224756887581801 0.28435740593631753 0.2499907228040358 0.2191449672820446 0.19155466292663 0.16697335570662872 0.14520804172340576 0.126129429706053 
0.8733836198494365 0.8656831060082699 0.8441996301232659 0.8110165240449704 0.769092221683573 0.7216743325206512 0.6717743609732681 0.6218268670731752 0.5735662138890806 0.5280726648825854 0.4859026327028646 0.44722890851723157 0.411954492985879 0.379799154373859 0.3503729807505092 0.32324677372769434 0.2980177561530302 0.2743620696857438 0.25206597209047643 0.23103241222150983 
0.8889697380750649 0.8820989167306943 0.8624189450148677 0.8319209717545641 0.7934024175380262 0.7498801706644206 0.704081711964011 0.6581410664897529 0.6135253940394007 0.57112970968769 0.5314404496035634 0.4946855542803513 0.46093411269864554 0.4301501233491306 0.4022232967552165 0.37699583357009175 0.3542909551148094 0.3339390947385431 0.31579534096789047 0.2997444895818611 
0.8791136724828995 0.8721350061808161 0.8525045089560087 0.8221948641276695 0.7839711360038609 0.740805440817834 0.6953718568814902 0.6497483179657687 0.6053495533972576 0.5630259290156221 0.523226714785537 0.4861449956028125 0.4518090595963804 0.4201282880472369 0.39092020508551434 0.3639400515042435 0.3389188512228981 0.31560392950841226 0.29379227883043707 0.2733497739294544 
0.873181510544712 0.8665863353344107 0.8481265482059293 0.8196968047084381 0.7839622446542979 0.7438030473532867 0.701828446373423 0.6600801066543183 0.6199520121940625 0.5822711956100037 0.5474467581369903 0.5156082274705419 0.4866971350275936 0.4605170746685814 0.43676676448968277 0.4150767004325039 0.39505553383964415 0.3763403670084298 0.358640828006621 0.3417682581997282 
0.8255256760002194 0.8190278764421363 0.8002570539148037 0.7711981938854386 0.734633361875485 0.6935515020569075 0.6506379060974607 0.6079707874276594 0.5669489223596733 0.5283848964633819 0.4926626521967363 0.4598775661469607 0.42992551694051345 0.4025506510750673 0.37737970629489676 0.35396461695600984 0.3318387230266028 0.31057888381172216 0.28986130070446275 0.26950064870409174 
0.89122290482854 0.8843534346169947 0.8649976634668212 0.835074183650599 0.7972816952993415 0.7545308918402605 0.7094514187462203 0.6640966764964075 0.6198710315396448 0.5776182500410886 0.53777420671958 0.5005039381981327 0.46578868469906265 0.43347063442118305 0.40328165506809954 0.37487752877581504 0.3478843810171767 0.32195205658688797 0.29680478495838464 0.2722803331361699 
0.9674428331847144 0.9619260896423439 0.9436248079780396 0.9144592742740162 0.8771592061491219 0.8347050924114777 0.7898377747228241 0.7447558265998938 0.7010267358645873 0.6596555886347025 0.621219690783467 0.5859926623572168 0.5540245102145852 0.5251843247784235 0.49918995642067115 0.47564429502264016 0.45408360765668065 0.434032448905256 0.41505626544084345 0.39680439433898346 
0.9577341381610247 0.9502439438447278 0.9291225742778958 0.896279933816067 0.8544105273159752 0.806437765274811 0.7550370788577645 0.7023568603900312 0.6499558893590707 0.5988909694955943 0.5498566267721509 0.5033004569940958 0.4594859900634403 0.4185165081372647 0.3803490586809177 0.34481997826217536 0.31168643880721003 0.2806764809156431 0.25153703300553004 0.22407219915487145 
0.8325835167264138 0.8250772444216327 0.803884396235881 0.7708958702863726 0.7287807410677887 0.6804479523877753 0.6285809425451653 0.5753603759660483 0.5223956713122102 0.47080473659847116 0.42134868285150173 0.37454642759472545 0.3307391150616877 0.29011467959593984 0.2527193370819569 0.2184763798185533 0.1872174826541345 0.15872089014578133 0.132748302820127 0.10907473919605402 
0.880175707193126 0.8730045811052293 0.8526486711766706 0.821077163999694 0.7810637497850904 0.735616660319619 0.6874815701839677 0.6388394210593871 0.5912232551162399 0.5455937324071086 0.5024789923528948 0.46210266626363494 0.4244690086306143 0.3894141277111328 0.3566479799726215 0.3258045530171037 0.29650183714279144 0.2684021586672708 0.24126149743261166 0.21496029372335906 
0.907355137243445 0.9002807951353826 0.8802109344865393 0.8490993093328332 0.8096900160074285 0.7649460009140634 0.7175546309305502 0.6696335333509681 0.6226593751020616 0.5775560260391027 0.5348442331451262 0.4947741964648959 0.457409353708378 0.4226711788437654 0.39037117190829845 0.3602489226027376 0.3320189797787073 0.30541810331071456 0.28024270332493584 0.2563703837545536 
0.8321922292019514 0.8245978108093637 0.8031046751595825 0.7697350343411419 0.7273416554421195 0.6790264851922424 0.6276318718849688 0.5754305718565248 0.5240422812996625 0.4745176680562267 0.4274929570542179 0.38333288231425894 0.3422241671455181 0.3042237825398465 0.2692854880693717 0.23728429848633062 0.2080449577277696 0.18137045386250306 0.15706451481423506 0.13494490969197662 
0.9614437538615569 0.953979547254641 0.9321358993391489 0.8978735186326499 0.853950196846037 0.8033480791304293 0.7487821450319141 0.692415043384019 0.6358003393646311 0.5799873622518075 0.5256846552871541 0.47339797956537144 0.4235072807095152 0.3762915781439852 0.33193070978761496 0.2905084510365051 0.2520265103340133 0.21642682728446436 0.18361536843903653 0.15348176954900306 
0.9327087021585756 0.9256849689719988 0.9053983402891762 0.8737541231346968 0.8334122611950019 0.7872144315596951 0.7376988755152516 0.6868297362129276 0.6359615477740672 0.5859682114231037 0.5374283577120234 0.4907781018485993 0.4463920009302991 0.40459958105918226 0.3656670570570443 0.32977195003744836 0.29698583165825054 0.2672701436916917 0.24048569328738803 0.21641488000711356 
0.7452391143930241 0.7372930804170733 0.7147399139012689 0.6797751850251567 0.6354796134163233 0.585178236511595 0.531890572057103 0.4780105263271873 0.4252394973665656 0.3746983970810552 0.3271049668814697 0.28292339436875613 0.24244602647094143 0.20581634376137514 0.17302608807417497 0.14391689762759446 0.11820152231876381 0.09550527742672553 0.07542022773417495 0.05756134311877209 
0.9119484019385559 0.9045493422312595 0.8832228706052226 0.8504401644272924 0.8096041311371969 0.7642592471073134 0.7174222988721322 0.6712131034833965 0.6268179645026554 0.5846915988660301 0.5448494002638561 0.5071256285490698 0.471339451978669 0.4373735717596409 0.4052002977689691 0.37488643999457283 0.34658919261011034 0.32053936897239593 0.2970045109188858 0.2762307626776392 
0.7603998650363006 0.7520473100159673 0.7276200671189297 0.6898337988348149 0.6424420774383688 0.5893772796011443 0.5340153301943976 0.4787635758880944 0.42501657916478697 0.37338356843949627 0.3240230192244365 0.27693601375347054 0.23214000850571995 0.18972065015232717 0.1498054647571317 0.11251108737089344 0.07789916085006415 0.04595500939160787 0.016589859032224964 -0.010336937718816734 
0.941990502454665 0.9334335897990462 0.9090254983476043 0.8715847110545156 0.8250410712770369 0.7735705024994076 0.7208295875931088 0.6694867780454375 0.6211077677892062 0.5763231832677325 0.5351382528386416 0.4972468858637311 0.46226338418618157 0.4298471923985346 0.3997408332993592 0.3717584076646186 0.34575789232270165 0.3216171249397755 0.29922040531761857 0.278454297856227 
0.8083163854011475 0.7994927120450983 0.7740899667227739 0.7349184495390141 0.6858921108351125 0.6311658985660153 0.5743777708568496 0.5181917758114599 0.464196919241046 0.41308620641303395 0.3649724510201708 0.3197018088283568 0.2770784276867164 0.23697705456410714 0.19936600036478033 0.16428042977855004 0.13178152217697853 0.1019228104240165 0.07473088836626007 0.050198548719767214 
0.8116173117521465 0.8040494886652598 0.7826951082369967 0.7502210888779816 0.710271059734842 0.6665830619731036 0.6222454173699948 0.5792981816469915 0.5387230560031713 0.5007155300341573 0.46506183781674937 0.4314619137688328 0.39971531231921986 0.36976951414905257 0.34168096313779484 0.3155484555178417 0.29145959216876305 0.2694647817040794 0.24957435835520564 0.23176703846018448 
0.7947181792007223 0.788369432113758 0.7695391613822152 0.7408010589763997 0.7056367122559543 0.6675598116700582 0.6293862424338077 0.5928584086743024 0.5586645129780096 0.5267415516092936 0.49667843174877513 0.46805529700711024 0.44063345560431183 0.414395453310249 0.3894878487718146 0.36613004004675564 0.34453460012631815 0.32485846755010467 0.30718412971733955 0.2915202438143844 
0.8097733274992915 0.8022097588822005 0.7804817273884975 0.7472502862867715 0.7062282295431135 0.6613544577437839 0.6160659710164365 0.5728533688085775 0.5331505826897319 0.49748783421742476 0.4657764373179148 0.43760133402185397 0.4124457455818835 0.38982585584041435 0.36934824934327515 0.3507154480444006 0.3337041981869556 0.31813579701408357 0.30385096351089896 0.2906943710475889 
0.9369439314963378 0.9301884279857391 0.908793770743782 0.8752413599029831 0.833009608024356 0.7858247760597921 0.7370014782995958 0.6890334049930349 0.6434716148637661 0.6010256752327771 0.5617803816491699 0.5254337301821194 0.4915005714400316 0.45946162303464494 0.42885709411655765 0.39933216501618674 0.3706460971487211 0.34266029184756763 0.31532038149293456 0.2886417373998965 
0.7894935093959532 0.7811600545956631 0.7571290732771976 0.720043993360039 0.673600872488598 0.6217459672525203 0.5679764826126915 0.5149243484905 0.46426567771915994 0.4168773027392869 0.3731048723396542 0.3330196468058361 0.2965949054966036 0.26378978306755285 0.23456373235865577 0.20885524739659644 0.1865535558110505 0.16748164743496133 0.15139807741575054 0.13801547709300013 
0.9265302605926536 0.9186963094076196 0.8963202448496851 0.8618334049205004 0.8185446583026608 0.7698346191638062 0.7184961025720619 0.6664098425563698 0.6145811391711714 0.5634209878283694 0.5130948245878548 0.4637911434325118 0.4158438378646663 0.36972350258277836 0.32595741440702736 0.2850395242262314 0.2473677419084579 0.21321806476940203 0.18274702274974108 0.15600803053179055 
0.7790082057644546 0.7707259608266533 0.7467341051742632 0.7095129576394953 0.6624659141928452 0.6091297634871986 0.5525283807585938 0.4948502013303401 0.43746833470956026 0.38118593660928624 0.3265365740239714 0.2740040794198973 0.22410895125609903 0.17738537559530107 0.13430953696525105 0.09523375064137453 0.0603531086350542 0.029705402900654695 0.0031925820406427437 -0.0193885705377837 
0.8287099931826021 0.8204644637861114 0.7962801235058562 0.7588474058748829 0.7118839470271169 0.6592975642815562 0.6044840657260958 0.5499486184632368 0.49727796980474676 0.44735344201086247 0.40063901007710756 0.35740952625767974 0.3178625140568734 0.28213091381007094 0.2502497858942458 0.22212509405554678 0.19752756574180497 0.17611156779048545 0.15744831438644113 0.14106270389333161 
0.737317241164163 0.7286665148708479 0.7038214856514224 0.6655409542527486 0.6176337162180177 0.5640966826704668 0.5083925215015935 0.4530611353726139 0.39969262513511244 0.3491482772893088 0.30185991894296665 0.2580705412735526 0.2179592499144475 0.18166750545178914 0.14927759183556294 0.12078797875645922 0.0961055341988181 0.07505361598178392 0.05738695493730565 0.042805846846268356 
0.8950466288500796 0.8875652455441483 0.866083529805354 0.8331391395911182 0.7921842569703319 0.7467473158697625 0.6997528552125768 0.6531893660275983 0.6081397612505511 0.5650458048248991 0.5240275038170223 0.4851209418171087 0.448385865911798 0.4139100021828032 0.38176792139483523 0.351981705382285 0.3245033562182032 0.2992174090393721 0.275954316642613 0.25450667336607485 
0.7663085416245108 0.7597574737559124 0.740095418166223 0.709735816761292 0.6719446991696473 0.6300233659040505 0.5866524625074235 0.5435840559239593 0.5016936150180714 0.46126136663726647 0.4223030146285434 0.3848129486342524 0.3488713960293986 0.31464312369096126 0.282326759277677 0.2521038052436104 0.22410922687114854 0.19842342539527752 0.17507648592406946 0.1540562256109757 
0.9247713216683564 0.9177307379739331 0.8973701433303588 0.8661305872106736 0.8273380561265071 0.7843962035022636 0.7401236874206 0.6964206497938895 0.6542856287953578 0.6140677375892385 0.5757865114788391 0.5393856728984732 0.5048657664902513 0.47231192550090334 0.4418658290392783 0.4136861893583262 0.38792039166979336 0.364690772534384 0.3440900681523394 0.3261796014401004 
0.8397510678212013 0.8329231115510465 0.813436805086717 0.7836027852280424 0.7465635343596307 0.7055327475647803 0.6631795452417739 0.6213291722761246 0.5809920621502096 0.5426037097329158 0.5063134482055611 0.4721996457226737 0.4403681431164428 0.4109580242342971 0.3841056132477104 0.359908000746798 0.3384036592392865 0.3195692695902126 0.30332500901873827 0.28954157730758995 
0.675301085796572 0.6691032171651722 0.65100571995646 0.6232509747566343 0.5888773108185866 0.5509680908163016 0.5120455749830685 0.4737794763541993 0.4370215189368647 0.40204913515508883 0.368857857542513 0.3373811909439383 0.30759499756805525 0.2795295493720383 0.2532388072189908 0.22876737038849376 0.20613258898309628 0.18532142631447365 0.16629492604881832 0.14899407152358124 
0.7620820231737113 0.7564015470169664 0.7388568673028147 0.711637541059406 0.6777243804889362 0.6401670230086622 0.601492205616601 0.5634065589620728 0.5268109089748261 0.49202201207753743 0.45905280283416877 0.42783413830243905 0.39833136310018497 0.37057096148234403 0.34461957737848065 0.3205523574077802 0.29842892030552876 0.27827999465141984 0.2601013668540587 0.24385152509800634 
0.7744204337669244 0.7676962467673509 0.7483820519172695 0.718682538852666 0.6815935522877149 0.6401720823730801 0.5969447863076858 0.5536187676521825 0.5111056813856101 0.4697482659081542 0.42959784637105586 0.3906286985347858 0.3528478357414565 0.31631917865555964 0.28114500794777 0.24744015872419908 0.2153152762763895 0.18487058964606337 0.15619572159256856 0.12937107063112538 
0.7925233657273724 0.7861199208162095 0.7675781987933933 0.7389544570880876 0.7030288047430369 0.6626157832148769 0.6200254894697382 0.5768250214864218 0.5338939110394504 0.4916514840718621 0.4503063569662393 0.4100270436427338 0.3710088794574446 0.3334681257492343 0.2976097366827015 0.2636012701929978 0.23156382115667995 0.2015766996529048 0.17368842090890801 0.1479280239959042 
0.7288943461961955 0.7231093745167637 0.7037528714461121 0.6730438713394913 0.6340104661724941 0.5897707881359087 0.5429635328002425 0.4954845904935176 0.4485273213069803 0.40280393374622103 0.35879407244616784 0.3169144158268526 0.277580938754525 0.24119402026739434 0.2080945637426904 0.1785263306707696 0.15261797779855307 0.13038345788616348 0.11173444296553957 0.09649900405181681 
0.8353442073825869 0.8276767747657315 0.80525416729867 0.7705517855241586 0.7269567979506145 0.6779634575902915 0.6265139111839954 0.5746665720381495 0.5236093340800405 0.4738999917968077 0.4257676727633427 0.3793464198675589 0.3347913348697786 0.2922966123856878 0.2520643433297721 0.21426625741816374 0.1790187747987848 0.14637377937147933 0.11631998687174301 0.08878968924345917 
0.6680082743526904 0.6596692464392522 0.6355958724951977 0.5985300146211505 0.5522565182877749 0.5007435659501203 0.44741443894789135 0.39474619877032646 0.3442297577890605 0.29658736299160793 0.2520840022688019 0.21079382791458726 0.17275504607175746 0.13801816535717062 0.10663100035183576 0.07860582435026889 0.05389586499973496 0.03238871762910696 0.013912937150813917 -0.0017488180837330692 
0.836822616010259 0.8285323568613471 0.8043453391825041 0.7670517383783269 0.720512402654995 0.6687768639985139 0.6153339973797889 0.5626955880823334 0.512348820209937 0.4649724432834494 0.4207505613285213 0.3796429152506747 0.34154428262444736 0.30633866639846735 0.2738933856395197 0.24403984403164525 0.21656794775720217 0.19123943012513933 0.16781258583009728 0.14606801301591907 
0.6253960324604104 0.6188052358119992 0.5962590331328761 0.5604805573912061 0.5152207425146859 0.46438836328275707 0.4113292603740533 0.35845167935955163 0.307221110888977 0.258403365543985 0.21237913257246627 0.16938919947244285 0.12965319578270257 0.09338122378984208 0.06073365434686759 0.03177935965993542 0.006477645080329747 -0.01531410248754076 -0.03381642294641536 -0.0492976977006976 
0.8893873291074516 0.881462509855026 0.858367989991902 0.8226884922753128 0.7779559725689846 0.7278033807425371 0.6752765498052361 0.6224957833185429 0.5706819845437735 0.5204186308696892 0.4719707180436406 0.4255240107045287 0.38129487506613996 0.339535926069582 0.30049403800746904 0.2643682519472444 0.23128922134981725 0.20132052501875572 0.17447322342393964 0.15072506123647814 
0.6696720247041267 0.661901562181591 0.6392833011311326 0.604427372658805 0.5608871456315351 0.5123060427395825 0.46172020154133586 0.4112111400310286 0.3619272245484293 0.3143486627125659 0.26861793130620926 0.22479635334989245 0.18299224826014523 0.1433811661784449 0.10617215208003196 0.0715675436891273 0.03973941915978588 0.010824396081250798 -0.015071557593677 -0.037867499536028644 
0.7926913714449724 0.7848595362445556 0.762346198007722 0.7278645030794575 0.6851327581420955 0.6380019598047088 0.5897286099957133 0.5425908331166818 0.4978748404508452 0.4561156889323599 0.4174198908553875 0.3817301266149452 0.3489720082321806 0.3190964236042743 0.29206606807833885 0.26783090033453116 0.24631451322587863 0.22741255176170205 0.21099482365995234 0.19690333559781648 
0.70327276360091 0.6951039063469598 0.6716079391420448 0.6355466721385363 0.5907131007701637 0.5410524756746486 0.4899269265358899 0.4397228882253512 0.3918300563148544 0.34687752342756895 0.3050556666949138 0.26638367366895227 0.23086069204336576 0.19851112031154078 0.16936975741135557 0.14345006060354126 0.12071824126453144 0.10107738110865909 0.08435788977344663 0.07031150512453681 
0.6927313611308804 0.6851494206834059 0.6625697002908438 0.6277048631410732 0.5842933138209769 0.5362268031454659 0.4868258283845157 0.43846124643891626 0.3925468635924816 0.3497830205935314 0.31047521256129784 0.2747863895666858 0.24286324023737602 0.214851568412092 0.19085188618125168 0.17086386432098266 0.15474726017711896 0.14220711525037216 0.1328007674960433 0.12596190208434957 
0.7862826671639777 0.7792890209416794 0.756825999221626 0.7215348433088828 0.6771080279311397 0.6274411470929818 0.575922132445945 0.5250495202103074 0.4764036929880522 0.4308564127772667 0.3888520207483634 0.3506288152913895 0.3163279999372951 0.28600803731965346 0.2596144443203765 0.23695045403549872 0.2176721255465036 0.2013110556584745 0.18731675027201442 0.17510787653554966 
0.6907534920461145 0.6828428433403785 0.6599663518554856 0.6247076886426313 0.5806492375640951 0.531582770954631 0.4808458817297984 0.43095659918824397 0.3835650917412679 0.3396178470231975 0.2995871437560399 0.26365410997707195 0.23180505719627142 0.20386051075799022 0.17947983532042933 0.15817600563617557 0.13935414487831282 0.12237015352656651 0.10659758019500648 0.09148973716393771 
0.7246293385925872 0.7172894337705037 0.6960785989943645 0.6632559387488788 0.6219601832235989 0.5755306871917216 0.5269369194202533 0.4784613414197154 0.43164831433910744 0.38742939209553634 0.34630434942881616 0.30849040929811644 0.27401033282844967 0.24273409209979904 0.21440257447840974 0.1886532757491301 0.16505438041014273 0.14314599141650217 0.12248626340387805 0.1027011819902347 
0.9986769898049138 0.9932455463316259 0.977438515149352 0.9529737470412127 0.9222064920406242 0.8875809302547539 0.8511791485964892 0.814486759073778 0.7783833692907269 0.7432810009218263 0.7093083704111433 0.6764669989085756 0.6447333651376685 0.6141170400080889 0.5846945545811563 0.5566294904224418 0.5301759716192628 0.5056565536608533 0.48340951791154363 0.46371178750839476 
0.8029420369574988 0.7987521083709801 0.7851549633662627 0.7634658916782006 0.7355234729282616 0.7033048834512066 0.6686013075932696 0.6328323914383184 0.5970053294624904 0.5617704448529889 0.5275106894197109 0.4944200859561088 0.46255478255340865 0.4318623780010296 0.4022040978532726 0.3733826343441431 0.34518109874626973 0.3174098764112836 0.2899514378193251 0.2627908088194344 
1.1313252646087633 1.128889527197049 1.1216902188216225 1.1102443530151287 1.0952700346305515 1.0775388101061285 1.0577609152691354 1.0365276103812227 1.0143039410932295 0.99144994343355 0.9682493807489587 0.944933719189053 0.9216972235260747 0.8987039359300129 0.8760894490502651 0.8539609324592561 0.8323983474801853 0.8114583985809085 0.7911809721121088 0.7715963916826756 
