0.0 0.1 0.2 0.30000000000000004 0.4 0.5 0.6000000000000001 0.7000000000000001 0.8 0.9 1.0 1.1 1.2000000000000002 1.3 1.4000000000000001 1.5 1.6 1.7000000000000002 1.8 1.9000000000000001 
0.06567361963197396 0.06561334633040218 0.06544938671232511 0.06518755685655689 0.06483641385955748 0.06440577921837666 0.06390545382717977 0.06334435378601169 0.06273014261813506 0.062069252438123855 0.061367104528247486 0.060628360319146195 0.059857110152605836 0.059056982303198065 0.058231195603454126 0.05738258583993856 0.05651362629667745 0.05562645153786585 0.054722886478600186 0.05380447970319999 
0.070035730201121 0.06988520423513765 0.06962138401831035 0.06925396835890846 0.06879783027317324 0.0682697760467028 0.06768609089783695 0.0670608461082686 0.06640516883958822 0.06572732488317126 0.06503327191319314 0.06432733662561062 0.06361279043042731 0.06289224600904623 0.06216789838194077 0.06144167035633341 0.0607153129356732 0.05999048440187925 0.059268806954953124 0.05855188689499115 
0.09130184780219884 0.09098451382366447 0.0905581511997508 0.09003032158340259 0.08941432770765256 0.0887254397813531 0.08797883319726851 0.08718815646073959 0.08636490372129757 0.08551847009781793 0.0846565971914797 0.08378590259627566 0.08291228599966226 0.08204113503635835 0.08117735157593378 0.08032526275420217 0.07948848489983323 0.07866979482452388 0.07787104552064245 0.07709314701770276 
0.16666985514225713 0.16617973173974823 0.1655896590482013 0.16490491171489352 0.1641370322559143 0.1632993818217306 0.16240539786726724 0.16146733916338493 0.1604956407217039 0.15949877044779032 0.15848336799172927 0.15745446685844522 0.1564156976147603 0.1553694650189192 0.15431713585381396 0.15325926711694482 0.15219587569022025 0.1511267272588046 0.1500516124514832 0.14897057845233447 
0.22578482515756787 0.22501418162226922 0.2241330135508735 0.22314566228584035 0.22206355941083844 0.22090088814421172 0.21967292377412403 0.21839472153877243 0.21708029824605948 0.21574223251575392 0.21439148537455227 0.21303725516388908 0.21168678712797975 0.210345172272658 0.20901522676215226 0.20769753619947856 0.20639071022282174 0.20509184796210858 0.2037971702128561 0.20250273099089314 
0.27845732621897723 0.2783088413104365 0.2780021069302236 0.2775560777227241 0.27699148578952165 0.27633285869552665 0.2756056246034271 0.27483365660717235 0.27403754946489844 0.27323367562137896 0.2724338908416171 0.2716456852720729 0.2708725912251229 0.2701147247359191 0.26936940556193306 0.26863183510819716 0.26789580923452744 0.26715442415858043 0.2664007235476911 0.26562824363273596 
0.23971672990223095 0.2396309327543953 0.2393983525283661 0.239032884456104 0.23855536352538406 0.23799061911896208 0.23736440776645054 0.23670074671047658 0.23602001595713293 0.23533793305342016 0.23466527952383623 0.2340081320200848 0.23336834101697218 0.23274407802485228 0.2321303845475828 0.23151974737170747 0.23090276228403317 0.2302689293655764 0.22960756831441284 0.22890878165298803 
0.13501395437080124 0.13496659981231804 0.13483475237928363 0.13462451676252055 0.13434508211128393 0.1340074353048914 0.13362302434734968 0.13320262312947984 0.1327555660799774 0.13228939329135272 0.1318098340485163 0.13132099204764044 0.13082558985704562 0.13032517256763979 0.12982023607236134 0.1293103055676225 0.1287940231915811 0.1282693021969249 0.12773357506633398 0.1271841206801637 
0.11417462865960372 0.11413953217277138 0.11401268669114169 0.11379986826517233 0.11350990521088691 0.11315366333799294 0.11274294941393573 0.11228950220226623 0.11180419600338234 0.11129651352420276 0.11077428264382685 0.11024362445026052 0.10970903391634347 0.10917351449372799 0.10863871285949363 0.10810503926812584 0.1075717943608552 0.10703733904200155 0.10649933543106974 0.10595506124887823 
0.21345862125523857 0.21337023989556883 0.21312142988501956 0.21272539284736586 0.21220241515379767 0.211577549823839 0.21087806807205267 0.21013100763160525 0.2093611061823348 0.20858928475518504 0.2078317261830507 0.2070994965068107 0.20639859549416847 0.20573030506464385 0.2050917301437375 0.2044764761619881 0.2038754494037356 0.20327777607747757 0.20267181222211972 0.2020461793197699 
0.278305452063912 0.27811910797372935 0.2777551944548757 0.2772321703013647 0.27657122287789054 0.27579874597177284 0.2749436120841539 0.2740344878208678 0.27309752595965076 0.27215465150294016 0.2712225303940841 0.2703121904056607 0.2694291790340571 0.2685741143152041 0.2677435077593359 0.26693077891813705 0.2661273984854471 0.2653240815551607 0.26451192752555297 0.2636833939322364 
0.23103173788547188 0.2303230521363172 0.2295054427284507 0.22858349265835748 0.22757035224530653 0.22648088613626338 0.22532996690838655 0.2241312307861456 0.2228964427685289 0.22163540891909156 0.2203562330559965 0.21906568914500085 0.21776955093569506 0.21647281465708015 0.21517980438152137 0.21389416011770157 0.21261871696556753 0.21135531152298812 0.21010457872864172 0.20886580574524238 
0.1661544373016648 0.16560692659310622 0.1649505514454843 0.1641907804757934 0.16333969992826 0.1624116121407902 0.16142129864806204 0.1603826544488407 0.1593078587119822 0.15820705218231415 0.1570883671494144 0.15595812983041799 0.15482110608798286 0.1536807377300842 0.15253937036859477 0.1513984882424094 0.15025895984004664 0.14912128185019277 0.14798579975374943 0.14685288260549703 
0.08971171301241859 0.08938566282912869 0.08895993737438564 0.08844253232883027 0.08784750455049055 0.0871910046382147 0.08648905462807147 0.08575593613792681 0.08500337911103076 0.08424044511647863 0.0834738298922958 0.08270830083275349 0.08194708861780194 0.0811921804355399 0.08044454494003894 0.07970433792414214 0.07897111705352139 0.07824406687941696 0.07752221931924469 0.07680465078557115 
0.06610558533701447 0.06596136302257513 0.06571825492622356 0.06538517315061129 0.06497593029150754 0.06450607099269588 0.0639905812268377 0.06344237253750372 0.06287170162225139 0.062286335162954454 0.06169209319703782 0.061093425589399245 0.060493821963766306 0.05989601742187914 0.05930205787699393 0.058713314122199295 0.058130510401308434 0.05755379641856885 0.05698286246786558 0.056417081323312655 
0.04976234901975697 0.049706121867916384 0.049551527856347456 0.04930408803841635 0.04897194602565761 0.04856444960277777 0.04809094236201345 0.04755995654380201 0.04697887037721717 0.04635392291140789 0.045690408383116554 0.0449928963121661 0.04426539549248444 0.043511447679152555 0.042734172580114284 0.04193629150977717 0.041120148213410784 0.040287734793059686 0.03944072352776655 0.03858050201639771 
